0 142.404 147.535 137.45
0.1 139.994 145.143 135.028
0.2 137.626 142.79 132.649
0.3 135.298 140.475 130.312
0.4 133.009 138.197 128.015
0.5 130.759 135.956 125.76
0.6 128.546 133.752 123.544
0.7 126.372 131.583 121.367
0.8 124.234 129.45 119.228
0.9 122.132 127.351 117.127
1 120.066 125.286 115.063
1.1 118.035 123.255 113.036
1.2 116.038 121.256 111.044
1.3 114.075 119.29 109.087
1.4 112.145 117.356 107.165
1.5 110.248 115.453 105.277
1.6 108.382 113.581 103.422
1.7 106.549 111.74 101.599
1.8 104.746 109.928 99.8089
1.9 102.974 108.146 98.0502
2 101.232 106.392 96.3225
2.1 99.5196 104.667 94.6252
2.2 97.8359 102.97 92.9578
2.3 96.1808 101.301 91.3198
2.4 94.5536 99.6581 89.7106
2.5 92.954 98.0422 88.1298
2.6 91.3814 96.4526 86.5769
2.7 89.8355 94.8887 85.0513
2.8 88.3157 93.3502 83.5527
2.9 86.8216 91.8366 82.0804
3 85.3528 90.3476 80.634
3.1 83.9088 88.8827 79.2132
3.2 82.4892 87.4416 77.8174
3.3 81.0937 86.0238 76.4462
3.4 79.7218 84.629 75.0991
3.5 78.3731 83.2569 73.7758
3.6 77.0472 81.907 72.4758
3.7 75.7437 80.5789 71.1987
3.8 74.4623 79.2724 69.9441
3.9 73.2026 77.9871 68.7116
4 71.9642 76.7227 67.5009
4.1 70.7467 75.4787 66.3114
4.2 69.5499 74.2549 65.143
4.3 68.3732 73.0509 63.9951
4.4 67.2165 71.8665 62.8674
4.5 66.0794 70.7013 61.7596
4.6 64.9615 69.5549 60.6714
4.7 63.8625 68.4272 59.6023
4.8 62.7821 67.3177 58.552
4.9 61.7199 66.2262 57.5203
5 60.6758 65.1524 56.5067
5.1 59.6493 64.0961 55.511
5.2 58.6402 63.0568 54.5329
5.3 57.6481 62.0344 53.5719
5.4 56.6728 61.0286 52.6279
5.5 55.7141 60.0391 51.7006
5.6 54.7715 59.0656 50.7896
5.7 53.8449 58.1079 49.8946
5.8 52.934 57.1658 49.0154
5.9 52.0385 56.2389 48.1517
6 51.1581 55.3271 47.3032
6.1 50.2926 54.43 46.4697
6.2 49.4418 53.5475 45.6509
6.3 48.6053 52.6793 44.8465
6.4 47.783 51.8251 44.0562
6.5 46.9747 50.9848 43.2799
6.6 46.18 50.1582 42.5173
6.7 45.3987 49.3449 41.7681
6.8 44.6307 48.5449 41.0321
6.9 43.8756 47.7578 40.3091
7 43.1334 46.9834 39.5988
7.1 42.4036 46.2216 38.901
7.2 41.6863 45.4722 38.2155
7.3 40.981 44.7349 37.5421
7.4 40.2877 44.0096 36.8806
7.5 39.6062 43.296 36.2307
7.6 38.9361 42.594 35.5923
7.7 38.2774 41.9034 34.9651
7.8 37.6298 41.224 34.349
7.9 36.9932 40.5556 33.7438
8 36.3674 39.898 33.1492
8.1 35.7521 39.2511 32.565
8.2 35.1473 38.6147 31.9912
8.3 34.5527 37.9886 31.4275
8.4 33.9681 37.3727 30.8737
8.5 33.3935 36.7667 30.3297
8.6 32.8285 36.1706 29.7953
8.7 32.2732 35.5841 29.2702
8.8 31.7272 35.0072 28.7545
8.9 31.1904 34.4396 28.2478
9 30.6627 33.8812 27.75
9.1 30.144 33.3318 27.261
9.2 29.634 32.7914 26.7807
9.3 29.1327 32.2597 26.3088
9.4 28.6398 31.7367 25.8452
9.5 28.1553 31.2221 25.3898
9.6 27.679 30.7159 24.9424
9.7 27.2107 30.2178 24.5029
9.8 26.7504 29.7279 24.0711
9.9 26.2978 29.2459 23.647
10 25.8529 28.7717 23.2303
10.1 25.4156 28.3052 22.8209
10.2 24.9856 27.8463 22.4188
10.3 24.5629 27.3948 22.0238
10.4 24.1474 26.9506 21.6357
10.5 23.7388 26.5136 21.2544
10.6 23.3372 26.0837 20.8799
10.7 22.9424 25.6608 20.512
10.8 22.5543 25.2448 20.1506
10.9 22.1727 24.8354 19.7955
11 21.7976 24.4328 19.4467
11.1 21.4288 24.0366 19.104
11.2 21.0663 23.6469 18.7674
11.3 20.7099 23.2635 18.4367
11.4 20.3596 22.8863 18.1118
11.5 20.0151 22.5152 17.7926
11.6 19.6765 22.1502 17.4791
11.7 19.3436 21.791 17.1711
11.8 19.0164 21.4377 16.8686
11.9 18.6947 21.0901 16.5713
12 18.3784 20.7482 16.2793
12.1 18.0675 20.4118 15.9925
12.2 17.7618 20.0808 15.7106
12.3 17.4613 19.7552 15.4338
12.4 17.1659 19.4349 15.1619
12.5 16.8755 19.1198 14.8947
12.6 16.59 18.8098 14.6322
12.7 16.3094 18.5048 14.3744
12.8 16.0334 18.2048 14.1211
12.9 15.7622 17.9096 13.8723
13 15.4955 17.6192 13.6278
13.1 15.2334 17.3335 13.3877
13.2 14.9757 17.0525 13.1518
13.3 14.7223 16.776 12.92
13.4 14.4733 16.504 12.6924
13.5 14.2284 16.2364 12.4687
13.6 13.9877 15.9732 12.249
13.7 13.7511 15.7142 12.0332
13.8 13.5184 15.4594 11.8211
13.9 13.2897 15.2087 11.6128
14 13.0649 14.9621 11.4082
14.1 12.8439 14.7195 11.2072
14.2 12.6266 14.4809 11.0097
14.3 12.413 14.2461 10.8157
14.4 12.203 14.0151 10.6251
14.5 11.9965 13.7879 10.4379
14.6 11.7936 13.5643 10.254
14.7 11.594 13.3444 10.0733
14.8 11.3979 13.128 9.89579
14.9 11.2051 12.9152 9.72141
15 11.0155 12.7058 9.55011
15.1 10.8292 12.4997 9.38183
15.2 10.6459 12.2971 9.21651
15.3 10.4658 12.0977 9.05411
15.4 10.2888 11.9015 8.89457
15.5 10.1147 11.7086 8.73784
15.6 9.94361 11.5187 8.58387
15.7 9.77538 11.332 8.43261
15.8 9.61001 11.1482 8.28402
15.9 9.44743 10.9675 8.13805
16 9.2876 10.7897 7.99465
