-3 -0.999978
-2.98798 -0.999976
-2.97595 -0.999974
-2.96393 -0.999972
-2.9519 -0.99997
-2.93988 -0.999968
-2.92786 -0.999965
-2.91583 -0.999963
-2.90381 -0.99996
-2.89178 -0.999957
-2.87976 -0.999953
-2.86774 -0.99995
-2.85571 -0.999946
-2.84369 -0.999942
-2.83166 -0.999938
-2.81964 -0.999933
-2.80762 -0.999928
-2.79559 -0.999923
-2.78357 -0.999917
-2.77154 -0.999911
-2.75952 -0.999905
-2.74749 -0.999898
-2.73547 -0.99989
-2.72345 -0.999883
-2.71142 -0.999874
-2.6994 -0.999865
-2.68737 -0.999856
-2.67535 -0.999845
-2.66333 -0.999834
-2.6513 -0.999823
-2.63928 -0.99981
-2.62725 -0.999797
-2.61523 -0.999783
-2.60321 -0.999768
-2.59118 -0.999752
-2.57916 -0.999735
-2.56713 -0.999717
-2.55511 -0.999698
-2.54309 -0.999677
-2.53106 -0.999656
-2.51904 -0.999633
-2.50701 -0.999608
-2.49499 -0.999582
-2.48297 -0.999554
-2.47094 -0.999525
-2.45892 -0.999494
-2.44689 -0.999461
-2.43487 -0.999426
-2.42285 -0.999388
-2.41082 -0.999349
-2.3988 -0.999307
-2.38677 -0.999263
-2.37475 -0.999216
-2.36273 -0.999166
-2.3507 -0.999114
-2.33868 -0.999058
-2.32665 -0.998999
-2.31463 -0.998937
-2.30261 -0.998871
-2.29058 -0.998802
-2.27856 -0.998729
-2.26653 -0.998651
-2.25451 -0.998569
-2.24248 -0.998483
-2.23046 -0.998391
-2.21844 -0.998295
-2.20641 -0.998193
-2.19439 -0.998086
-2.18236 -0.997973
-2.17034 -0.997854
-2.15832 -0.997729
-2.14629 -0.997597
-2.13427 -0.997458
-2.12224 -0.997312
-2.11022 -0.997158
-2.0982 -0.996996
-2.08617 -0.996825
-2.07415 -0.996646
-2.06212 -0.996458
-2.0501 -0.99626
-2.03808 -0.996052
-2.02605 -0.995833
-2.01403 -0.995604
-2.002 -0.995363
-1.98998 -0.995111
-1.97796 -0.994846
-1.96593 -0.994568
-1.95391 -0.994277
-1.94188 -0.993972
-1.92986 -0.993652
-1.91784 -0.993317
-1.90581 -0.992966
-1.89379 -0.992598
-1.88176 -0.992214
-1.86974 -0.991812
-1.85772 -0.991391
-1.84569 -0.990951
-1.83367 -0.990491
-1.82164 -0.99001
-1.80962 -0.989508
-1.7976 -0.988984
-1.78557 -0.988436
-1.77355 -0.987864
-1.76152 -0.987268
-1.7495 -0.986645
-1.73747 -0.985996
-1.72545 -0.985319
-1.71343 -0.984613
-1.7014 -0.983878
-1.68938 -0.983112
-1.67735 -0.982315
-1.66533 -0.981484
-1.65331 -0.980619
-1.64128 -0.97972
-1.62926 -0.978784
-1.61723 -0.977811
-1.60521 -0.976799
-1.59319 -0.975748
-1.58116 -0.974655
-1.56914 -0.97352
-1.55711 -0.972341
-1.54509 -0.971118
-1.53307 -0.969848
-1.52104 -0.96853
-1.50902 -0.967163
-1.49699 -0.965746
-1.48497 -0.964277
-1.47295 -0.962754
-1.46092 -0.961177
-1.4489 -0.959543
-1.43687 -0.957851
-1.42485 -0.9561
-1.41283 -0.954288
-1.4008 -0.952413
-1.38878 -0.950473
-1.37675 -0.948468
-1.36473 -0.946396
-1.35271 -0.944254
-1.34068 -0.942041
-1.32866 -0.939756
-1.31663 -0.937397
-1.30461 -0.934962
-1.29259 -0.932449
-1.28056 -0.929857
-1.26854 -0.927184
-1.25651 -0.924428
-1.24449 -0.921588
-1.23246 -0.918661
-1.22044 -0.915646
-1.20842 -0.912542
-1.19639 -0.909345
-1.18437 -0.906056
-1.17234 -0.902672
-1.16032 -0.89919
-1.1483 -0.895611
-1.13627 -0.891931
-1.12425 -0.888149
-1.11222 -0.884263
-1.1002 -0.880272
-1.08818 -0.876175
-1.07615 -0.871968
-1.06413 -0.867651
-1.0521 -0.863223
-1.04008 -0.858681
-1.02806 -0.854023
-1.01603 -0.84925
-1.00401 -0.844358
-0.991984 -0.839346
-0.97996 -0.834214
-0.967936 -0.828959
-0.955912 -0.823581
-0.943888 -0.818077
-0.931864 -0.812447
-0.91984 -0.80669
-0.907816 -0.800804
-0.895792 -0.794788
-0.883768 -0.78864
-0.871743 -0.782361
-0.859719 -0.775949
-0.847695 -0.769403
-0.835671 -0.762722
-0.823647 -0.755905
-0.811623 -0.748952
-0.799599 -0.741862
-0.787575 -0.734635
-0.775551 -0.727269
-0.763527 -0.719764
-0.751503 -0.712121
-0.739479 -0.704338
-0.727455 -0.696415
-0.715431 -0.688353
-0.703407 -0.680151
-0.691383 -0.671808
-0.679359 -0.663326
-0.667335 -0.654705
-0.655311 -0.645943
-0.643287 -0.637043
-0.631263 -0.628004
-0.619238 -0.618826
-0.607214 -0.609511
-0.59519 -0.600059
-0.583166 -0.590471
-0.571142 -0.580747
-0.559118 -0.570888
-0.547094 -0.560897
-0.53507 -0.550773
-0.523046 -0.540517
-0.511022 -0.530132
-0.498998 -0.519619
-0.486974 -0.508979
-0.47495 -0.498213
-0.462926 -0.487324
-0.450902 -0.476313
-0.438878 -0.465181
-0.426854 -0.453932
-0.41483 -0.442566
-0.402806 -0.431087
-0.390782 -0.419496
-0.378758 -0.407795
-0.366733 -0.395988
-0.354709 -0.384076
-0.342685 -0.372061
-0.330661 -0.359948
-0.318637 -0.347737
-0.306613 -0.335433
-0.294589 -0.323038
-0.282565 -0.310554
-0.270541 -0.297986
-0.258517 -0.285335
-0.246493 -0.272606
-0.234469 -0.2598
-0.222445 -0.246923
-0.210421 -0.233976
-0.198397 -0.220964
-0.186373 -0.207889
-0.174349 -0.194756
-0.162325 -0.181568
-0.150301 -0.168328
-0.138277 -0.15504
-0.126253 -0.141707
-0.114228 -0.128335
-0.102204 -0.114925
-0.0901804 -0.101483
-0.0781563 -0.0880108
-0.0661323 -0.0745137
-0.0541082 -0.0609952
-0.0420842 -0.047459
-0.0300601 -0.0339091
-0.0180361 -0.0203494
-0.00601202 -0.0067838
0.00601202 0.0067838
0.0180361 0.0203494
0.0300601 0.0339091
0.0420842 0.047459
0.0541082 0.0609952
0.0661323 0.0745137
0.0781563 0.0880108
0.0901804 0.101483
0.102204 0.114925
0.114228 0.128335
0.126253 0.141707
0.138277 0.15504
0.150301 0.168328
0.162325 0.181568
0.174349 0.194756
0.186373 0.207889
0.198397 0.220964
0.210421 0.233976
0.222445 0.246923
0.234469 0.2598
0.246493 0.272606
0.258517 0.285335
0.270541 0.297986
0.282565 0.310554
0.294589 0.323038
0.306613 0.335433
0.318637 0.347737
0.330661 0.359948
0.342685 0.372061
0.354709 0.384076
0.366733 0.395988
0.378758 0.407795
0.390782 0.419496
0.402806 0.431087
0.41483 0.442566
0.426854 0.453932
0.438878 0.465181
0.450902 0.476313
0.462926 0.487324
0.47495 0.498213
0.486974 0.508979
0.498998 0.519619
0.511022 0.530132
0.523046 0.540517
0.53507 0.550773
0.547094 0.560897
0.559118 0.570888
0.571142 0.580747
0.583166 0.590471
0.59519 0.600059
0.607214 0.609511
0.619238 0.618826
0.631263 0.628004
0.643287 0.637043
0.655311 0.645943
0.667335 0.654705
0.679359 0.663326
0.691383 0.671808
0.703407 0.680151
0.715431 0.688353
0.727455 0.696415
0.739479 0.704338
0.751503 0.712121
0.763527 0.719764
0.775551 0.727269
0.787575 0.734635
0.799599 0.741862
0.811623 0.748952
0.823647 0.755905
0.835671 0.762722
0.847695 0.769403
0.859719 0.775949
0.871743 0.782361
0.883768 0.78864
0.895792 0.794788
0.907816 0.800804
0.91984 0.80669
0.931864 0.812447
0.943888 0.818077
0.955912 0.823581
0.967936 0.828959
0.97996 0.834214
0.991984 0.839346
1.00401 0.844358
1.01603 0.84925
1.02806 0.854023
1.04008 0.858681
1.0521 0.863223
1.06413 0.867651
1.07615 0.871968
1.08818 0.876175
1.1002 0.880272
1.11222 0.884263
1.12425 0.888149
1.13627 0.891931
1.1483 0.895611
1.16032 0.89919
1.17234 0.902672
1.18437 0.906056
1.19639 0.909345
1.20842 0.912542
1.22044 0.915646
1.23246 0.918661
1.24449 0.921588
1.25651 0.924428
1.26854 0.927184
1.28056 0.929857
1.29259 0.932449
1.30461 0.934962
1.31663 0.937397
1.32866 0.939756
1.34068 0.942041
1.35271 0.944254
1.36473 0.946396
1.37675 0.948468
1.38878 0.950473
1.4008 0.952413
1.41283 0.954288
1.42485 0.9561
1.43687 0.957851
1.4489 0.959543
1.46092 0.961177
1.47295 0.962754
1.48497 0.964277
1.49699 0.965746
1.50902 0.967163
1.52104 0.96853
1.53307 0.969848
1.54509 0.971118
1.55711 0.972341
1.56914 0.97352
1.58116 0.974655
1.59319 0.975748
1.60521 0.976799
1.61723 0.977811
1.62926 0.978784
1.64128 0.97972
1.65331 0.980619
1.66533 0.981484
1.67735 0.982315
1.68938 0.983112
1.7014 0.983878
1.71343 0.984613
1.72545 0.985319
1.73747 0.985996
1.7495 0.986645
1.76152 0.987268
1.77355 0.987864
1.78557 0.988436
1.7976 0.988984
1.80962 0.989508
1.82164 0.99001
1.83367 0.990491
1.84569 0.990951
1.85772 0.991391
1.86974 0.991812
1.88176 0.992214
1.89379 0.992598
1.90581 0.992966
1.91784 0.993317
1.92986 0.993652
1.94188 0.993972
1.95391 0.994277
1.96593 0.994568
1.97796 0.994846
1.98998 0.995111
2.002 0.995363
2.01403 0.995604
2.02605 0.995833
2.03808 0.996052
2.0501 0.99626
2.06212 0.996458
2.07415 0.996646
2.08617 0.996825
2.0982 0.996996
2.11022 0.997158
2.12224 0.997312
2.13427 0.997458
2.14629 0.997597
2.15832 0.997729
2.17034 0.997854
2.18236 0.997973
2.19439 0.998086
2.20641 0.998193
2.21844 0.998295
2.23046 0.998391
2.24248 0.998483
2.25451 0.998569
2.26653 0.998651
2.27856 0.998729
2.29058 0.998802
2.30261 0.998871
2.31463 0.998937
2.32665 0.998999
2.33868 0.999058
2.3507 0.999114
2.36273 0.999166
2.37475 0.999216
2.38677 0.999263
2.3988 0.999307
2.41082 0.999349
2.42285 0.999388
2.43487 0.999426
2.44689 0.999461
2.45892 0.999494
2.47094 0.999525
2.48297 0.999554
2.49499 0.999582
2.50701 0.999608
2.51904 0.999633
2.53106 0.999656
2.54309 0.999677
2.55511 0.999698
2.56713 0.999717
2.57916 0.999735
2.59118 0.999752
2.60321 0.999768
2.61523 0.999783
2.62725 0.999797
2.63928 0.99981
2.6513 0.999823
2.66333 0.999834
2.67535 0.999845
2.68737 0.999856
2.6994 0.999865
2.71142 0.999874
2.72345 0.999883
2.73547 0.99989
2.74749 0.999898
2.75952 0.999905
2.77154 0.999911
2.78357 0.999917
2.79559 0.999923
2.80762 0.999928
2.81964 0.999933
2.83166 0.999938
2.84369 0.999942
2.85571 0.999946
2.86774 0.99995
2.87976 0.999953
2.89178 0.999957
2.90381 0.99996
2.91583 0.999963
2.92786 0.999965
2.93988 0.999968
2.9519 0.99997
2.96393 0.999972
2.97595 0.999974
2.98798 0.999976
3 0.999978
