1.0000000000e-01 9.5135076997e+00 9.5135076987e+00
1.1000000000e+00 9.5135076997e-01 9.5135076987e-01
2.1000000000e+00 1.0464858470e+00 1.0464858469e+00
3.1000000000e+00 2.1976202786e+00 2.1976202784e+00
4.1000000000e+00 6.8126228638e+00 6.8126228630e+00
5.1000000000e+00 2.7931753742e+01 2.7931753738e+01
6.1000000000e+00 1.4245194408e+02 1.4245194407e+02
7.1000000000e+00 8.6895685890e+02 8.6895685880e+02
8.1000000000e+00 6.1695936982e+03 6.1695936975e+03
9.1000000000e+00 4.9973708955e+04 4.9973708950e+04


1.0000000000e-01 9.5135076997e+00 9.5135076987e+00
1.1000000000e-01 8.6126864013e+00 8.6126864004e+00
1.2000000000e-01 7.8632515477e+00 7.8632515468e+00
1.3000000000e-01 7.2302419218e+00 7.2302419210e+00
1.4000000000e-01 6.6886861841e+00 6.6886861834e+00
1.5000000000e-01 6.2202728747e+00 6.2202728740e+00
1.6000000000e-01 5.8112691671e+00 5.8112691665e+00
1.7000000000e-01 5.4511741807e+00 5.4511741801e+00
1.8000000000e-01 5.1318211911e+00 5.1318211905e+00
1.9000000000e-01 4.8467633538e+00 4.8467633533e+00
2.0000000000e-01 4.5908437125e+00 4.5908437120e+00
2.1000000000e-01 4.3598880624e+00 4.3598880619e+00
2.2000000000e-01 4.1504815800e+00 4.1504815796e+00
2.3000000000e-01 3.9598037238e+00 3.9598037234e+00
2.4000000000e-01 3.7855044101e+00 3.7855044097e+00
2.5000000000e-01 3.6256099086e+00 3.6256099082e+00
2.6000000000e-01 3.4784504535e+00 3.4784504531e+00
2.7000000000e-01 3.3426039428e+00 3.3426039425e+00
2.8000000000e-01 3.2168517021e+00 3.2168517018e+00
2.9000000000e-01 3.1001434013e+00 3.1001434010e+00
3.0000000000e-01 2.9915689880e+00 2.9915689877e+00
3.1000000000e-01 2.8903360543e+00 2.8903360540e+00
3.2000000000e-01 2.7957514472e+00 2.7957514469e+00
3.3000000000e-01 2.7072062229e+00 2.7072062226e+00
3.4000000000e-01 2.6241632567e+00 2.6241632565e+00
3.5000000000e-01 2.5461469775e+00 2.5461469772e+00
3.6000000000e-01 2.4727348123e+00 2.4727348121e+00
3.7000000000e-01 2.4035500203e+00 2.4035500201e+00
3.8000000000e-01 2.3382556566e+00 2.3382556564e+00
3.9000000000e-01 2.2765494663e+00 2.2765494661e+00
4.0000000000e-01 2.2181595440e+00 2.2181595438e+00
4.1000000000e-01 2.1628406285e+00 2.1628406283e+00
4.2000000000e-01 2.1103709278e+00 2.1103709276e+00
4.3000000000e-01 2.0605493865e+00 2.0605493863e+00
4.4000000000e-01 2.0131933262e+00 2.0131933260e+00
4.5000000000e-01 1.9681364008e+00 1.9681364006e+00
4.6000000000e-01 1.9252268185e+00 1.9252268183e+00
4.7000000000e-01 1.8843257910e+00 1.8843257908e+00
4.8000000000e-01 1.8453061765e+00 1.8453061763e+00
4.9000000000e-01 1.8080512891e+00 1.8080512889e+00
5.0000000000e-01 1.7724538511e+00 1.7724538509e+00
5.1000000000e-01 1.7384150686e+00 1.7384150685e+00
5.2000000000e-01 1.7058438142e+00 1.7058438141e+00
5.3000000000e-01 1.6746559017e+00 1.6746559016e+00
5.4000000000e-01 1.6447734420e+00 1.6447734418e+00
5.5000000000e-01 1.6161242689e+00 1.6161242687e+00
5.6000000000e-01 1.5886414269e+00 1.5886414268e+00
5.7000000000e-01 1.5622627130e+00 1.5622627128e+00
5.8000000000e-01 1.5369302651e+00 1.5369302649e+00
5.9000000000e-01 1.5125901936e+00 1.5125901935e+00
6.0000000000e-01 1.4891922489e+00 1.4891922488e+00
6.1000000000e-01 1.4666895223e+00 1.4666895222e+00
6.2000000000e-01 1.4450381751e+00 1.4450381750e+00
6.3000000000e-01 1.4241971947e+00 1.4241971946e+00
6.4000000000e-01 1.4041281722e+00 1.4041281721e+00
6.5000000000e-01 1.3847951021e+00 1.3847951020e+00
6.6000000000e-01 1.3661641989e+00 1.3661641988e+00
6.7000000000e-01 1.3482037307e+00 1.3482037306e+00
6.8000000000e-01 1.3308838681e+00 1.3308838680e+00
6.9000000000e-01 1.3141765451e+00 1.3141765450e+00
7.0000000000e-01 1.2980553327e+00 1.2980553326e+00
7.1000000000e-01 1.2824953235e+00 1.2824953234e+00
7.2000000000e-01 1.2674730249e+00 1.2674730248e+00
7.3000000000e-01 1.2529662620e+00 1.2529662619e+00
7.4000000000e-01 1.2389540881e+00 1.2389540880e+00
7.5000000000e-01 1.2254167026e+00 1.2254167025e+00
7.6000000000e-01 1.2123353746e+00 1.2123353745e+00
7.7000000000e-01 1.1996923738e+00 1.1996923737e+00
7.8000000000e-01 1.1874709055e+00 1.1874709054e+00
7.9000000000e-01 1.1756550512e+00 1.1756550511e+00
8.0000000000e-01 1.1642297138e+00 1.1642297137e+00
8.1000000000e-01 1.1531805661e+00 1.1531805660e+00
8.2000000000e-01 1.1424940040e+00 1.1424940040e+00
8.3000000000e-01 1.1321571026e+00 1.1321571026e+00
8.4000000000e-01 1.1221575755e+00 1.1221575754e+00
8.5000000000e-01 1.1124837370e+00 1.1124837369e+00
8.6000000000e-01 1.1031244671e+00 1.1031244671e+00
8.7000000000e-01 1.0940691788e+00 1.0940691788e+00
8.8000000000e-01 1.0853077875e+00 1.0853077875e+00
8.9000000000e-01 1.0768306829e+00 1.0768306828e+00
9.0000000000e-01 1.0686287022e+00 1.0686287021e+00
9.1000000000e-01 1.0606931056e+00 1.0606931056e+00
9.2000000000e-01 1.0530155534e+00 1.0530155533e+00
9.3000000000e-01 1.0455880837e+00 1.0455880836e+00
9.4000000000e-01 1.0384030931e+00 1.0384030931e+00
9.5000000000e-01 1.0314533172e+00 1.0314533171e+00
9.6000000000e-01 1.0247318129e+00 1.0247318129e+00
9.7000000000e-01 1.0182319421e+00 1.0182319421e+00
9.8000000000e-01 1.0119473559e+00 1.0119473558e+00
9.9000000000e-01 1.0058719797e+00 1.0058719796e+00
1.0000000000e+00 1.0000000001e+00 1.0000000000e+00
1.0100000000e+00 9.9432585131e-01 9.9432585119e-01
1.0200000000e+00 9.8884420338e-01 9.8884420326e-01
1.0300000000e+00 9.8354995067e-01 9.8354995055e-01
1.0400000000e+00 9.7843820103e-01 9.7843820091e-01
1.0500000000e+00 9.7350426568e-01 9.7350426556e-01
1.0600000000e+00 9.6874364962e-01 9.6874364951e-01
1.0700000000e+00 9.6415204265e-01 9.6415204254e-01
1.0800000000e+00 9.5972531079e-01 9.5972531068e-01
1.0900000000e+00 9.5545948828e-01 9.5545948817e-01
1.1000000000e+00 9.5135076997e-01 9.5135076987e-01
1.1100000000e+00 9.4739550415e-01 9.4739550404e-01
1.1200000000e+00 9.4359018572e-01 9.4359018561e-01
1.1300000000e+00 9.3993144984e-01 9.3993144973e-01
1.1400000000e+00 9.3641606578e-01 9.3641606567e-01
1.1500000000e+00 9.3304093121e-01 9.3304093111e-01
1.1600000000e+00 9.2980306673e-01 9.2980306663e-01
1.1700000000e+00 9.2669961072e-01 9.2669961062e-01
1.1800000000e+00 9.2372781440e-01 9.2372781430e-01
1.1900000000e+00 9.2088503723e-01 9.2088503713e-01
1.2000000000e+00 9.1816874250e-01 9.1816874240e-01
1.2100000000e+00 9.1557649310e-01 9.1557649300e-01
1.2200000000e+00 9.1310594760e-01 9.1310594751e-01
1.2300000000e+00 9.1075485647e-01 9.1075485637e-01
1.2400000000e+00 9.0852105843e-01 9.0852105834e-01
1.2500000000e+00 9.0640247715e-01 9.0640247706e-01
1.2600000000e+00 9.0439711790e-01 9.0439711781e-01
1.2700000000e+00 9.0250306456e-01 9.0250306447e-01
1.2800000000e+00 9.0071847660e-01 9.0071847651e-01
1.2900000000e+00 8.9904158637e-01 8.9904158629e-01
1.3000000000e+00 8.9747069639e-01 8.9747069631e-01
1.3100000000e+00 8.9600417683e-01 8.9600417674e-01
1.3200000000e+00 8.9464046310e-01 8.9464046301e-01
1.3300000000e+00 8.9337805355e-01 8.9337805346e-01
1.3400000000e+00 8.9221550729e-01 8.9221550721e-01
1.3500000000e+00 8.9115144211e-01 8.9115144202e-01
1.3600000000e+00 8.9018453244e-01 8.9018453236e-01
1.3700000000e+00 8.8931350751e-01 8.8931350743e-01
1.3800000000e+00 8.8853714951e-01 8.8853714943e-01
1.3900000000e+00 8.8785429187e-01 8.8785429179e-01
1.4000000000e+00 8.8726381758e-01 8.8726381750e-01
1.4100000000e+00 8.8676465768e-01 8.8676465760e-01
1.4200000000e+00 8.8635578969e-01 8.8635578961e-01
1.4300000000e+00 8.8603623620e-01 8.8603623612e-01
1.4400000000e+00 8.8580506353e-01 8.8580506345e-01
1.4500000000e+00 8.8566138035e-01 8.8566138027e-01
1.4600000000e+00 8.8560433650e-01 8.8560433643e-01
1.4700000000e+00 8.8563312176e-01 8.8563312169e-01
1.4800000000e+00 8.8574696471e-01 8.8574696464e-01
1.4900000000e+00 8.8594513165e-01 8.8594513157e-01
1.5000000000e+00 8.8622692553e-01 8.8622692545e-01
1.5100000000e+00 8.8659168499e-01 8.8659168492e-01
1.5200000000e+00 8.8703878340e-01 8.8703878332e-01
1.5300000000e+00 8.8756762792e-01 8.8756762785e-01
1.5400000000e+00 8.8817765867e-01 8.8817765860e-01
1.5500000000e+00 8.8886834788e-01 8.8886834780e-01
1.5600000000e+00 8.8963919908e-01 8.8963919901e-01
1.5700000000e+00 8.9048974639e-01 8.9048974632e-01
1.5800000000e+00 8.9141955374e-01 8.9141955367e-01
1.5900000000e+00 8.9242821421e-01 8.9242821414e-01
1.6000000000e+00 8.9351534936e-01 8.9351534929e-01
1.6100000000e+00 8.9468060860e-01 8.9468060853e-01
1.6200000000e+00 8.9592366859e-01 8.9592366852e-01
1.6300000000e+00 8.9724423265e-01 8.9724423258e-01
1.6400000000e+00 8.9864203023e-01 8.9864203017e-01
1.6500000000e+00 9.0011681638e-01 9.0011681632e-01
1.6600000000e+00 9.0166837124e-01 9.0166837118e-01
1.6700000000e+00 9.0329649957e-01 9.0329649950e-01
1.6800000000e+00 9.0500103030e-01 9.0500103023e-01
1.6900000000e+00 9.0678181609e-01 9.0678181602e-01
1.7000000000e+00 9.0863873292e-01 9.0863873285e-01
1.7100000000e+00 9.1057167971e-01 9.1057167964e-01
1.7200000000e+00 9.1258057793e-01 9.1258057786e-01
1.7300000000e+00 9.1466537125e-01 9.1466537119e-01
1.7400000000e+00 9.1682602522e-01 9.1682602515e-01
1.7500000000e+00 9.1906252691e-01 9.1906252685e-01
1.7600000000e+00 9.2137488468e-01 9.2137488461e-01
1.7700000000e+00 9.2376312780e-01 9.2376312773e-01
1.7800000000e+00 9.2622730626e-01 9.2622730619e-01
1.7900000000e+00 9.2876749047e-01 9.2876749041e-01
1.8000000000e+00 9.3138377104e-01 9.3138377098e-01
1.8100000000e+00 9.3407625855e-01 9.3407625849e-01
1.8200000000e+00 9.3684508331e-01 9.3684508324e-01
1.8300000000e+00 9.3969039519e-01 9.3969039513e-01
1.8400000000e+00 9.4261236343e-01 9.4261236337e-01
1.8500000000e+00 9.4561117647e-01 9.4561117641e-01
1.8600000000e+00 9.4868704174e-01 9.4868704168e-01
1.8700000000e+00 9.5184018557e-01 9.5184018551e-01
1.8800000000e+00 9.5507085303e-01 9.5507085297e-01
1.8900000000e+00 9.5837930778e-01 9.5837930772e-01
1.9000000000e+00 9.6176583197e-01 9.6176583191e-01
1.9100000000e+00 9.6523072613e-01 9.6523072607e-01
1.9200000000e+00 9.6877430909e-01 9.6877430903e-01
1.9300000000e+00 9.7239691784e-01 9.7239691778e-01
1.9400000000e+00 9.7609890753e-01 9.7609890747e-01
1.9500000000e+00 9.7988065133e-01 9.7988065127e-01
1.9600000000e+00 9.8374254041e-01 9.8374254035e-01
1.9700000000e+00 9.8768498388e-01 9.8768498382e-01
1.9800000000e+00 9.9170840876e-01 9.9170840870e-01
1.9900000000e+00 9.9581325991e-01 9.9581325985e-01
2.0000000000e+00 1.0000000001e+00 1.0000000000e+00
2.0100000000e+00 1.0042691098e+00 1.0042691097e+00
2.0200000000e+00 1.0086210875e+00 1.0086210873e+00
2.0300000000e+00 1.0130564492e+00 1.0130564491e+00
2.0400000000e+00 1.0175757291e+00 1.0175757290e+00
2.0500000000e+00 1.0221794790e+00 1.0221794788e+00
2.0600000000e+00 1.0268682686e+00 1.0268682685e+00
2.0700000000e+00 1.0316426856e+00 1.0316426855e+00
2.0800000000e+00 1.0365033357e+00 1.0365033355e+00
2.0900000000e+00 1.0414508422e+00 1.0414508421e+00
2.1000000000e+00 1.0464858470e+00 1.0464858469e+00
2.1100000000e+00 1.0516090096e+00 1.0516090095e+00
2.1200000000e+00 1.0568210080e+00 1.0568210079e+00
2.1300000000e+00 1.0621225383e+00 1.0621225382e+00
2.1400000000e+00 1.0675143150e+00 1.0675143149e+00
2.1500000000e+00 1.0729970709e+00 1.0729970708e+00
2.1600000000e+00 1.0785715574e+00 1.0785715573e+00
2.1700000000e+00 1.0842385445e+00 1.0842385444e+00
2.1800000000e+00 1.0899988210e+00 1.0899988209e+00
2.1900000000e+00 1.0958531943e+00 1.0958531942e+00
2.2000000000e+00 1.1018024910e+00 1.1018024909e+00
2.2100000000e+00 1.1078475566e+00 1.1078475565e+00
2.2200000000e+00 1.1139892561e+00 1.1139892560e+00
2.2300000000e+00 1.1202284735e+00 1.1202284733e+00
2.2400000000e+00 1.1265661125e+00 1.1265661123e+00
2.2500000000e+00 1.1330030964e+00 1.1330030963e+00
2.2600000000e+00 1.1395403686e+00 1.1395403684e+00
2.2700000000e+00 1.1461788920e+00 1.1461788919e+00
2.2800000000e+00 1.1529196500e+00 1.1529196499e+00
2.2900000000e+00 1.1597636464e+00 1.1597636463e+00
2.3000000000e+00 1.1667119053e+00 1.1667119052e+00
2.3100000000e+00 1.1737654716e+00 1.1737654715e+00
2.3200000000e+00 1.1809254113e+00 1.1809254112e+00
2.3300000000e+00 1.1881928112e+00 1.1881928111e+00
2.3400000000e+00 1.1955687798e+00 1.1955687797e+00
2.3500000000e+00 1.2030544468e+00 1.2030544467e+00
2.3600000000e+00 1.2106509641e+00 1.2106509640e+00
2.3700000000e+00 1.2183595053e+00 1.2183595052e+00
2.3800000000e+00 1.2261812663e+00 1.2261812662e+00
2.3900000000e+00 1.2341174657e+00 1.2341174656e+00
2.4000000000e+00 1.2421693446e+00 1.2421693445e+00
2.4100000000e+00 1.2503381673e+00 1.2503381672e+00
2.4200000000e+00 1.2586252214e+00 1.2586252212e+00
2.4300000000e+00 1.2670318178e+00 1.2670318177e+00
2.4400000000e+00 1.2755592915e+00 1.2755592914e+00
2.4500000000e+00 1.2842090015e+00 1.2842090014e+00
2.4600000000e+00 1.2929823313e+00 1.2929823312e+00
2.4700000000e+00 1.3018806890e+00 1.3018806889e+00
2.4800000000e+00 1.3109055078e+00 1.3109055077e+00
2.4900000000e+00 1.3200582462e+00 1.3200582460e+00
2.5000000000e+00 1.3293403883e+00 1.3293403882e+00
2.5100000000e+00 1.3387534443e+00 1.3387534442e+00
2.5200000000e+00 1.3482989508e+00 1.3482989507e+00
2.5300000000e+00 1.3579784707e+00 1.3579784706e+00
2.5400000000e+00 1.3677935944e+00 1.3677935942e+00
2.5500000000e+00 1.3777459392e+00 1.3777459391e+00
2.5600000000e+00 1.3878371506e+00 1.3878371505e+00
2.5700000000e+00 1.3980689018e+00 1.3980689017e+00
2.5800000000e+00 1.4084428949e+00 1.4084428948e+00
2.5900000000e+00 1.4189608606e+00 1.4189608605e+00
2.6000000000e+00 1.4296245590e+00 1.4296245589e+00
2.6100000000e+00 1.4404357798e+00 1.4404357797e+00
2.6200000000e+00 1.4513963431e+00 1.4513963430e+00
2.6300000000e+00 1.4625080992e+00 1.4625080991e+00
2.6400000000e+00 1.4737729296e+00 1.4737729295e+00
2.6500000000e+00 1.4851927470e+00 1.4851927469e+00
2.6600000000e+00 1.4967694963e+00 1.4967694962e+00
2.6700000000e+00 1.5085051543e+00 1.5085051542e+00
2.6800000000e+00 1.5204017309e+00 1.5204017308e+00
2.6900000000e+00 1.5324612692e+00 1.5324612691e+00
2.7000000000e+00 1.5446858460e+00 1.5446858459e+00
2.7100000000e+00 1.5570775723e+00 1.5570775722e+00
2.7200000000e+00 1.5696385940e+00 1.5696385939e+00
2.7300000000e+00 1.5823710923e+00 1.5823710922e+00
2.7400000000e+00 1.5952772839e+00 1.5952772838e+00
2.7500000000e+00 1.6083594221e+00 1.6083594220e+00
2.7600000000e+00 1.6216197970e+00 1.6216197969e+00
2.7700000000e+00 1.6350607362e+00 1.6350607361e+00
2.7800000000e+00 1.6486846051e+00 1.6486846050e+00
2.7900000000e+00 1.6624938079e+00 1.6624938078e+00
2.8000000000e+00 1.6764907879e+00 1.6764907878e+00
2.8100000000e+00 1.6906780280e+00 1.6906780279e+00
2.8200000000e+00 1.7050580516e+00 1.7050580515e+00
2.8300000000e+00 1.7196334232e+00 1.7196334231e+00
2.8400000000e+00 1.7344067487e+00 1.7344067486e+00
2.8500000000e+00 1.7493806765e+00 1.7493806764e+00
2.8600000000e+00 1.7645578976e+00 1.7645578975e+00
2.8700000000e+00 1.7799411470e+00 1.7799411469e+00
2.8800000000e+00 1.7955332037e+00 1.7955332036e+00
2.8900000000e+00 1.8113368917e+00 1.8113368916e+00
2.9000000000e+00 1.8273550807e+00 1.8273550806e+00
2.9100000000e+00 1.8435906869e+00 1.8435906868e+00
2.9200000000e+00 1.8600466734e+00 1.8600466733e+00
2.9300000000e+00 1.8767260514e+00 1.8767260513e+00
2.9400000000e+00 1.8936318806e+00 1.8936318805e+00
2.9500000000e+00 1.9107672701e+00 1.9107672700e+00
2.9600000000e+00 1.9281353792e+00 1.9281353791e+00
2.9700000000e+00 1.9457394182e+00 1.9457394181e+00
2.9800000000e+00 1.9635826493e+00 1.9635826492e+00
2.9900000000e+00 1.9816683872e+00 1.9816683871e+00
3.0000000000e+00 2.0000000001e+00 2.0000000000e+00
3.0100000000e+00 2.0185809107e+00 2.0185809105e+00
3.0200000000e+00 2.0374145967e+00 2.0374145964e+00
3.0300000000e+00 2.0565045919e+00 2.0565045916e+00
3.0400000000e+00 2.0758544873e+00 2.0758544871e+00
3.0500000000e+00 2.0954679319e+00 2.0954679316e+00
3.0600000000e+00 2.1153486333e+00 2.1153486331e+00
3.0700000000e+00 2.1355003593e+00 2.1355003590e+00
3.0800000000e+00 2.1559269382e+00 2.1559269379e+00
3.0900000000e+00 2.1766322603e+00 2.1766322600e+00
3.1000000000e+00 2.1976202786e+00 2.1976202784e+00
3.1100000000e+00 2.2188950103e+00 2.2188950100e+00
3.1200000000e+00 2.2404605370e+00 2.2404605367e+00
3.1300000000e+00 2.2623210066e+00 2.2623210064e+00
3.1400000000e+00 2.2844806341e+00 2.2844806338e+00
3.1500000000e+00 2.3069437024e+00 2.3069437022e+00
3.1600000000e+00 2.3297145640e+00 2.3297145638e+00
3.1700000000e+00 2.3527976416e+00 2.3527976414e+00
3.1800000000e+00 2.3761974298e+00 2.3761974295e+00
3.1900000000e+00 2.3999184955e+00 2.3999184953e+00
3.2000000000e+00 2.4239654802e+00 2.4239654799e+00
3.2100000000e+00 2.4483431002e+00 2.4483430999e+00
3.2200000000e+00 2.4730561485e+00 2.4730561482e+00
3.2300000000e+00 2.4981094958e+00 2.4981094955e+00
3.2400000000e+00 2.5235080919e+00 2.5235080916e+00
3.2500000000e+00 2.5492569670e+00 2.5492569667e+00
3.2600000000e+00 2.5753612329e+00 2.5753612327e+00
3.2700000000e+00 2.6018260848e+00 2.6018260845e+00
3.2800000000e+00 2.6286568021e+00 2.6286568019e+00
3.2900000000e+00 2.6558587503e+00 2.6558587500e+00
3.3000000000e+00 2.6834373822e+00 2.6834373820e+00
3.3100000000e+00 2.7113982395e+00 2.7113982392e+00
3.3200000000e+00 2.7397469542e+00 2.7397469539e+00
3.3300000000e+00 2.7684892501e+00 2.7684892499e+00
3.3400000000e+00 2.7976309447e+00 2.7976309444e+00
3.3500000000e+00 2.8271779501e+00 2.8271779498e+00
3.3600000000e+00 2.8571362753e+00 2.8571362751e+00
3.3700000000e+00 2.8875120275e+00 2.8875120273e+00
3.3800000000e+00 2.9183114139e+00 2.9183114136e+00
3.3900000000e+00 2.9495407430e+00 2.9495407427e+00
3.4000000000e+00 2.9812064271e+00 2.9812064268e+00
3.4100000000e+00 3.0133149833e+00 3.0133149830e+00
3.4200000000e+00 3.0458730357e+00 3.0458730354e+00
3.4300000000e+00 3.0788873172e+00 3.0788873169e+00
3.4400000000e+00 3.1123646712e+00 3.1123646709e+00
3.4500000000e+00 3.1463120537e+00 3.1463120534e+00
3.4600000000e+00 3.1807365350e+00 3.1807365347e+00
3.4700000000e+00 3.2156453018e+00 3.2156453015e+00
3.4800000000e+00 3.2510456593e+00 3.2510456590e+00
3.4900000000e+00 3.2869450329e+00 3.2869450326e+00
3.5000000000e+00 3.3233509707e+00 3.3233509704e+00
3.5100000000e+00 3.3602711453e+00 3.3602711450e+00
3.5200000000e+00 3.3977133559e+00 3.3977133556e+00
3.5300000000e+00 3.4356855309e+00 3.4356855306e+00
3.5400000000e+00 3.4741957297e+00 3.4741957294e+00
3.5500000000e+00 3.5132521450e+00 3.5132521447e+00
3.5600000000e+00 3.5528631054e+00 3.5528631052e+00
3.5700000000e+00 3.5930370777e+00 3.5930370774e+00
3.5800000000e+00 3.6337826689e+00 3.6337826686e+00
3.5900000000e+00 3.6751086289e+00 3.6751086286e+00
3.6000000000e+00 3.7170238533e+00 3.7170238530e+00
3.6100000000e+00 3.7595373854e+00 3.7595373851e+00
3.6200000000e+00 3.8026584190e+00 3.8026584187e+00
3.6300000000e+00 3.8463963009e+00 3.8463963007e+00
3.6400000000e+00 3.8907605341e+00 3.8907605338e+00
3.6500000000e+00 3.9357607796e+00 3.9357607793e+00
3.6600000000e+00 3.9814068601e+00 3.9814068598e+00
3.6700000000e+00 4.0277087619e+00 4.0277087616e+00
3.6800000000e+00 4.0746766388e+00 4.0746766385e+00
3.6900000000e+00 4.1223208141e+00 4.1223208138e+00
3.7000000000e+00 4.1706517841e+00 4.1706517838e+00
3.7100000000e+00 4.2196802209e+00 4.2196802206e+00
3.7200000000e+00 4.2694169758e+00 4.2694169755e+00
3.7300000000e+00 4.3198730819e+00 4.3198730816e+00
3.7400000000e+00 4.3710597578e+00 4.3710597575e+00
3.7500000000e+00 4.4229884108e+00 4.4229884105e+00
3.7600000000e+00 4.4756706398e+00 4.4756706395e+00
3.7700000000e+00 4.5291182393e+00 4.5291182390e+00
3.7800000000e+00 4.5833432023e+00 4.5833432020e+00
3.7900000000e+00 4.6383577242e+00 4.6383577238e+00
3.8000000000e+00 4.6941742061e+00 4.6941742057e+00
3.8100000000e+00 4.7508052586e+00 4.7508052583e+00
3.8200000000e+00 4.8082637056e+00 4.8082637052e+00
3.8300000000e+00 4.8665625876e+00 4.8665625873e+00
3.8400000000e+00 4.9257151664e+00 4.9257151660e+00
3.8500000000e+00 4.9857349279e+00 4.9857349276e+00
3.8600000000e+00 5.0466355872e+00 5.0466355869e+00
3.8700000000e+00 5.1084310920e+00 5.1084310916e+00
3.8800000000e+00 5.1711356267e+00 5.1711356263e+00
3.8900000000e+00 5.2347636170e+00 5.2347636167e+00
3.9000000000e+00 5.2993297341e+00 5.2993297338e+00
3.9100000000e+00 5.3648488989e+00 5.3648488986e+00
3.9200000000e+00 5.4313362865e+00 5.4313362861e+00
3.9300000000e+00 5.4988073307e+00 5.4988073304e+00
3.9400000000e+00 5.5672777290e+00 5.5672777287e+00
3.9500000000e+00 5.6367634468e+00 5.6367634464e+00
3.9600000000e+00 5.7072807225e+00 5.7072807221e+00
3.9700000000e+00 5.7788460722e+00 5.7788460719e+00
3.9800000000e+00 5.8514762950e+00 5.8514762947e+00
3.9900000000e+00 5.9251884778e+00 5.9251884774e+00
4.0000000000e+00 6.0000000004e+00 6.0000000000e+00
4.0100000000e+00 6.0759285414e+00 6.0759285406e+00
4.0200000000e+00 6.1529920819e+00 6.1529920811e+00
4.0300000000e+00 6.2312089133e+00 6.2312089126e+00
4.0400000000e+00 6.3105976414e+00 6.3105976407e+00
4.0500000000e+00 6.3911771922e+00 6.3911771915e+00
4.0600000000e+00 6.4729668180e+00 6.4729668172e+00
4.0700000000e+00 6.5559861030e+00 6.5559861022e+00
4.0800000000e+00 6.6402549696e+00 6.6402549688e+00
4.0900000000e+00 6.7257936842e+00 6.7257936834e+00
4.1000000000e+00 6.8126228638e+00 6.8126228630e+00
4.1100000000e+00 6.9007634819e+00 6.9007634811e+00
4.1200000000e+00 6.9902368754e+00 6.9902368746e+00
4.1300000000e+00 7.0810647507e+00 7.0810647499e+00
4.1400000000e+00 7.1732691910e+00 7.1732691902e+00
4.1500000000e+00 7.2668726626e+00 7.2668726618e+00
4.1600000000e+00 7.3618980223e+00 7.3618980215e+00
4.1700000000e+00 7.4583685240e+00 7.4583685232e+00
4.1800000000e+00 7.5563078266e+00 7.5563078258e+00
4.1900000000e+00 7.6557400007e+00 7.6557399999e+00
4.2000000000e+00 7.7566895366e+00 7.7566895358e+00
4.2100000000e+00 7.8591813516e+00 7.8591813508e+00
4.2200000000e+00 7.9632407981e+00 7.9632407973e+00
4.2300000000e+00 8.0688936714e+00 8.0688936706e+00
4.2400000000e+00 8.1761662178e+00 8.1761662169e+00
4.2500000000e+00 8.2850851427e+00 8.2850851418e+00
4.2600000000e+00 8.3956776194e+00 8.3956776185e+00
4.2700000000e+00 8.5079712973e+00 8.5079712965e+00
4.2800000000e+00 8.6219943109e+00 8.6219943101e+00
4.2900000000e+00 8.7377752885e+00 8.7377752877e+00
4.3000000000e+00 8.8553433613e+00 8.8553433605e+00
4.3100000000e+00 8.9747281728e+00 8.9747281719e+00
4.3200000000e+00 9.0959598879e+00 9.0959598870e+00
4.3300000000e+00 9.2190692030e+00 9.2190692021e+00
4.3400000000e+00 9.3440873552e+00 9.3440873543e+00
4.3500000000e+00 9.4710461328e+00 9.4710461319e+00
4.3600000000e+00 9.5999778851e+00 9.5999778842e+00
4.3700000000e+00 9.7309155328e+00 9.7309155319e+00
4.3800000000e+00 9.8638925788e+00 9.8638925779e+00
4.3900000000e+00 9.9989431188e+00 9.9989431179e+00
4.4000000000e+00 1.0136101852e+01 1.0136101851e+01
4.4100000000e+00 1.0275404093e+01 1.0275404092e+01
4.4200000000e+00 1.0416885782e+01 1.0416885781e+01
4.4300000000e+00 1.0560583498e+01 1.0560583497e+01
4.4400000000e+00 1.0706534469e+01 1.0706534468e+01
4.4500000000e+00 1.0854776585e+01 1.0854776584e+01
4.4600000000e+00 1.1005348411e+01 1.1005348410e+01
4.4700000000e+00 1.1158289197e+01 1.1158289196e+01
4.4800000000e+00 1.1313638894e+01 1.1313638893e+01
4.4900000000e+00 1.1471438165e+01 1.1471438164e+01
4.5000000000e+00 1.1631728398e+01 1.1631728397e+01
4.5100000000e+00 1.1794551720e+01 1.1794551719e+01
4.5200000000e+00 1.1959951013e+01 1.1959951012e+01
4.5300000000e+00 1.2127969924e+01 1.2127969923e+01
4.5400000000e+00 1.2298652883e+01 1.2298652882e+01
4.5500000000e+00 1.2472045115e+01 1.2472045114e+01
4.5600000000e+00 1.2648192655e+01 1.2648192654e+01
4.5700000000e+00 1.2827142367e+01 1.2827142366e+01
4.5800000000e+00 1.3008941955e+01 1.3008941953e+01
4.5900000000e+00 1.3193639978e+01 1.3193639977e+01
4.6000000000e+00 1.3381285872e+01 1.3381285871e+01
4.6100000000e+00 1.3571929961e+01 1.3571929960e+01
4.6200000000e+00 1.3765623477e+01 1.3765623476e+01
4.6300000000e+00 1.3962418572e+01 1.3962418571e+01
4.6400000000e+00 1.4162368344e+01 1.4162368343e+01
4.6500000000e+00 1.4365526846e+01 1.4365526845e+01
4.6600000000e+00 1.4571949108e+01 1.4571949107e+01
4.6700000000e+00 1.4781691156e+01 1.4781691155e+01
4.6800000000e+00 1.4994810031e+01 1.4994810030e+01
4.6900000000e+00 1.5211363804e+01 1.5211363803e+01
4.7000000000e+00 1.5431411601e+01 1.5431411600e+01
4.7100000000e+00 1.5655013620e+01 1.5655013619e+01
4.7200000000e+00 1.5882231150e+01 1.5882231149e+01
4.7300000000e+00 1.6113126595e+01 1.6113126594e+01
4.7400000000e+00 1.6347763494e+01 1.6347763493e+01
4.7500000000e+00 1.6586206540e+01 1.6586206539e+01
4.7600000000e+00 1.6828521606e+01 1.6828521604e+01
4.7700000000e+00 1.7074775762e+01 1.7074775761e+01
4.7800000000e+00 1.7325037305e+01 1.7325037303e+01
4.7900000000e+00 1.7579375775e+01 1.7579375773e+01
4.8000000000e+00 1.7837861983e+01 1.7837861982e+01
4.8100000000e+00 1.8100568035e+01 1.8100568034e+01
4.8200000000e+00 1.8367567355e+01 1.8367567354e+01
4.8300000000e+00 1.8638934711e+01 1.8638934709e+01
4.8400000000e+00 1.8914746239e+01 1.8914746238e+01
4.8500000000e+00 1.9195079473e+01 1.9195079471e+01
4.8600000000e+00 1.9480013367e+01 1.9480013365e+01
4.8700000000e+00 1.9769628326e+01 1.9769628325e+01
4.8800000000e+00 2.0064006231e+01 2.0064006230e+01
4.8900000000e+00 2.0363230470e+01 2.0363230469e+01
4.9000000000e+00 2.0667385963e+01 2.0667385962e+01
4.9100000000e+00 2.0976559195e+01 2.0976559193e+01
4.9200000000e+00 2.1290838243e+01 2.1290838242e+01
4.9300000000e+00 2.1610312810e+01 2.1610312808e+01
4.9400000000e+00 2.1935074252e+01 2.1935074251e+01
4.9500000000e+00 2.2265215615e+01 2.2265215613e+01
4.9600000000e+00 2.2600831661e+01 2.2600831660e+01
4.9700000000e+00 2.2942018907e+01 2.2942018905e+01
4.9800000000e+00 2.3288875654e+01 2.3288875653e+01
4.9900000000e+00 2.3641502026e+01 2.3641502025e+01
5.0000000000e+00 2.4000000001e+01 2.4000000000e+01
5.0100000000e+00 2.4364473451e+01 2.4364473448e+01
5.0200000000e+00 2.4735028169e+01 2.4735028166e+01
5.0300000000e+00 2.5111771921e+01 2.5111771918e+01
5.0400000000e+00 2.5494814471e+01 2.5494814468e+01
5.0500000000e+00 2.5884267628e+01 2.5884267625e+01
5.0600000000e+00 2.6280245281e+01 2.6280245278e+01
5.0700000000e+00 2.6682863439e+01 2.6682863436e+01
5.0800000000e+00 2.7092240276e+01 2.7092240273e+01
5.0900000000e+00 2.7508496168e+01 2.7508496165e+01
5.1000000000e+00 2.7931753742e+01 2.7931753738e+01
5.1100000000e+00 2.8362137911e+01 2.8362137907e+01
5.1200000000e+00 2.8799775926e+01 2.8799775923e+01
5.1300000000e+00 2.9244797420e+01 2.9244797417e+01
5.1400000000e+00 2.9697334451e+01 2.9697334447e+01
5.1500000000e+00 3.0157521550e+01 3.0157521547e+01
5.1600000000e+00 3.0625495773e+01 3.0625495769e+01
5.1700000000e+00 3.1101396745e+01 3.1101396742e+01
5.1800000000e+00 3.1585366715e+01 3.1585366712e+01
5.1900000000e+00 3.2077550603e+01 3.2077550600e+01
5.2000000000e+00 3.2578096054e+01 3.2578096050e+01
5.2100000000e+00 3.3087153490e+01 3.3087153487e+01
5.2200000000e+00 3.3604876168e+01 3.3604876165e+01
5.2300000000e+00 3.4131420230e+01 3.4131420227e+01
5.2400000000e+00 3.4666944763e+01 3.4666944760e+01
5.2500000000e+00 3.5211611856e+01 3.5211611853e+01
5.2600000000e+00 3.5765586659e+01 3.5765586655e+01
5.2700000000e+00 3.6329037440e+01 3.6329037436e+01
5.2800000000e+00 3.6902135651e+01 3.6902135647e+01
5.2900000000e+00 3.7485055988e+01 3.7485055984e+01
5.3000000000e+00 3.8077976454e+01 3.8077976450e+01
5.3100000000e+00 3.8681078425e+01 3.8681078421e+01
5.3200000000e+00 3.9294546716e+01 3.9294546712e+01
5.3300000000e+00 3.9918569649e+01 3.9918569645e+01
5.3400000000e+00 4.0553339122e+01 4.0553339118e+01
5.3500000000e+00 4.1199050678e+01 4.1199050674e+01
5.3600000000e+00 4.1855903579e+01 4.1855903575e+01
5.3700000000e+00 4.2524100878e+01 4.2524100874e+01
5.3800000000e+00 4.3203849495e+01 4.3203849491e+01
5.3900000000e+00 4.3895360292e+01 4.3895360288e+01
5.4000000000e+00 4.4598848149e+01 4.4598848145e+01
5.4100000000e+00 4.5314532050e+01 4.5314532046e+01
5.4200000000e+00 4.6042635157e+01 4.6042635152e+01
5.4300000000e+00 4.6783384896e+01 4.6783384892e+01
5.4400000000e+00 4.7537013042e+01 4.7537013038e+01
5.4500000000e+00 4.8303755804e+01 4.8303755800e+01
5.4600000000e+00 4.9083853913e+01 4.9083853909e+01
5.4700000000e+00 4.9877552712e+01 4.9877552708e+01
5.4800000000e+00 5.0685102247e+01 5.0685102242e+01
5.4900000000e+00 5.1506757360e+01 5.1506757356e+01
5.5000000000e+00 5.2342777789e+01 5.2342777785e+01
5.5100000000e+00 5.3193428257e+01 5.3193428252e+01
5.5200000000e+00 5.4058978578e+01 5.4058978574e+01
5.5300000000e+00 5.4939703756e+01 5.4939703752e+01
5.5400000000e+00 5.5835884089e+01 5.5835884084e+01
5.5500000000e+00 5.6747805272e+01 5.6747805267e+01
5.5600000000e+00 5.7675758509e+01 5.7675758504e+01
5.5700000000e+00 5.8620040619e+01 5.8620040614e+01
5.5800000000e+00 5.9580954152e+01 5.9580954147e+01
5.5900000000e+00 6.0558807498e+01 6.0558807494e+01
5.6000000000e+00 6.1553915011e+01 6.1553915006e+01
5.6100000000e+00 6.2566597121e+01 6.2566597117e+01
5.6200000000e+00 6.3597180462e+01 6.3597180457e+01
5.6300000000e+00 6.4645997990e+01 6.4645997985e+01
5.6400000000e+00 6.5713389117e+01 6.5713389112e+01
5.6500000000e+00 6.6799699832e+01 6.6799699827e+01
5.6600000000e+00 6.7905282842e+01 6.7905282837e+01
5.6700000000e+00 6.9030497700e+01 6.9030497695e+01
5.6800000000e+00 7.0175710944e+01 7.0175710939e+01
5.6900000000e+00 7.1341296241e+01 7.1341296236e+01
5.7000000000e+00 7.2527634525e+01 7.2527634520e+01
5.7100000000e+00 7.3735114149e+01 7.3735114143e+01
5.7200000000e+00 7.4964131028e+01 7.4964131022e+01
5.7300000000e+00 7.6215088796e+01 7.6215088791e+01
5.7400000000e+00 7.7488398963e+01 7.7488398957e+01
5.7500000000e+00 7.8784481067e+01 7.8784481061e+01
5.7600000000e+00 8.0103762843e+01 8.0103762837e+01
5.7700000000e+00 8.1446680385e+01 8.1446680379e+01
5.7800000000e+00 8.2813678316e+01 8.2813678310e+01
5.7900000000e+00 8.4205209960e+01 8.4205209954e+01
5.8000000000e+00 8.5621737518e+01 8.5621737513e+01
5.8100000000e+00 8.7063732250e+01 8.7063732244e+01
5.8200000000e+00 8.8531674652e+01 8.8531674646e+01
5.8300000000e+00 9.0026054653e+01 9.0026054647e+01
5.8400000000e+00 9.1547371796e+01 9.1547371790e+01
5.8500000000e+00 9.3096135442e+01 9.3096135436e+01
5.8600000000e+00 9.4672864962e+01 9.4672864956e+01
5.8700000000e+00 9.6278089947e+01 9.6278089941e+01
5.8800000000e+00 9.7912350409e+01 9.7912350403e+01
5.8900000000e+00 9.9576196999e+01 9.9576196993e+01
5.9000000000e+00 1.0127019122e+02 1.0127019121e+02
5.9100000000e+00 1.0299490565e+02 1.0299490564e+02
5.9200000000e+00 1.0475092416e+02 1.0475092415e+02
5.9300000000e+00 1.0653884215e+02 1.0653884215e+02
5.9400000000e+00 1.0835926681e+02 1.0835926680e+02
5.9500000000e+00 1.1021281729e+02 1.1021281729e+02
5.9600000000e+00 1.1210012504e+02 1.1210012503e+02
5.9700000000e+00 1.1402183397e+02 1.1402183396e+02
5.9800000000e+00 1.1597860076e+02 1.1597860075e+02
5.9900000000e+00 1.1797109511e+02 1.1797109510e+02
6.0000000000e+00 1.2000000001e+02 1.2000000000e+02
6.0100000000e+00 1.2206601199e+02 1.2206601197e+02
6.0200000000e+00 1.2416984141e+02 1.2416984139e+02
6.0300000000e+00 1.2631221276e+02 1.2631221275e+02
6.0400000000e+00 1.2849386494e+02 1.2849386492e+02
6.0500000000e+00 1.3071555152e+02 1.3071555151e+02
6.0600000000e+00 1.3297804112e+02 1.3297804111e+02
6.0700000000e+00 1.3528211764e+02 1.3528211762e+02
6.0800000000e+00 1.3762858060e+02 1.3762858059e+02
6.0900000000e+00 1.4001824550e+02 1.4001824548e+02
6.1000000000e+00 1.4245194408e+02 1.4245194407e+02
6.1100000000e+00 1.4493052472e+02 1.4493052471e+02
6.1200000000e+00 1.4745485274e+02 1.4745485273e+02
6.1300000000e+00 1.5002581077e+02 1.5002581075e+02
6.1400000000e+00 1.5264429908e+02 1.5264429906e+02
6.1500000000e+00 1.5531123598e+02 1.5531123596e+02
6.1600000000e+00 1.5802755819e+02 1.5802755817e+02
6.1700000000e+00 1.6079422117e+02 1.6079422116e+02
6.1800000000e+00 1.6361219958e+02 1.6361219957e+02
6.1900000000e+00 1.6648248763e+02 1.6648248761e+02
6.2000000000e+00 1.6940609948e+02 1.6940609946e+02
6.2100000000e+00 1.7238406968e+02 1.7238406967e+02
6.2200000000e+00 1.7541745360e+02 1.7541745358e+02
6.2300000000e+00 1.7850732780e+02 1.7850732779e+02
6.2400000000e+00 1.8165479056e+02 1.8165479054e+02
6.2500000000e+00 1.8486096225e+02 1.8486096223e+02
6.2600000000e+00 1.8812698582e+02 1.8812698580e+02
6.2700000000e+00 1.9145402731e+02 1.9145402729e+02
6.2800000000e+00 1.9484327624e+02 1.9484327622e+02
6.2900000000e+00 1.9829594618e+02 1.9829594616e+02
6.3000000000e+00 2.0181327520e+02 2.0181327518e+02
6.3100000000e+00 2.0539652643e+02 2.0539652641e+02
6.3200000000e+00 2.0904698853e+02 2.0904698851e+02
6.3300000000e+00 2.1276597623e+02 2.1276597621e+02
6.3400000000e+00 2.1655483091e+02 2.1655483089e+02
6.3500000000e+00 2.2041492113e+02 2.2041492110e+02
6.3600000000e+00 2.2434764318e+02 2.2434764316e+02
6.3700000000e+00 2.2835442172e+02 2.2835442170e+02
6.3800000000e+00 2.3243671028e+02 2.3243671026e+02
6.3900000000e+00 2.3659599197e+02 2.3659599195e+02
6.4000000000e+00 2.4083378001e+02 2.4083377998e+02
6.4100000000e+00 2.4515161839e+02 2.4515161837e+02
6.4200000000e+00 2.4955108255e+02 2.4955108253e+02
6.4300000000e+00 2.5403377998e+02 2.5403377996e+02
6.4400000000e+00 2.5860135095e+02 2.5860135093e+02
6.4500000000e+00 2.6325546913e+02 2.6325546911e+02
6.4600000000e+00 2.6799784237e+02 2.6799784234e+02
6.4700000000e+00 2.7283021333e+02 2.7283021331e+02
6.4800000000e+00 2.7775436031e+02 2.7775436029e+02
6.4900000000e+00 2.8277209791e+02 2.8277209788e+02
6.5000000000e+00 2.8788527784e+02 2.8788527781e+02
6.5100000000e+00 2.9309578970e+02 2.9309578967e+02
6.5200000000e+00 2.9840556175e+02 2.9840556173e+02
6.5300000000e+00 3.0381656177e+02 3.0381656175e+02
6.5400000000e+00 3.0933079785e+02 3.0933079783e+02
6.5500000000e+00 3.1495031926e+02 3.1495031923e+02
6.5600000000e+00 3.2067721731e+02 3.2067721728e+02
6.5700000000e+00 3.2651362625e+02 3.2651362622e+02
6.5800000000e+00 3.3246172417e+02 3.3246172414e+02
6.5900000000e+00 3.3852373392e+02 3.3852373389e+02
6.6000000000e+00 3.4470192406e+02 3.4470192404e+02
6.6100000000e+00 3.5099860985e+02 3.5099860982e+02
6.6200000000e+00 3.5741615420e+02 3.5741615417e+02
6.6300000000e+00 3.6395696869e+02 3.6395696866e+02
6.6400000000e+00 3.7062351462e+02 3.7062351459e+02
6.6500000000e+00 3.7741830405e+02 3.7741830403e+02
6.6600000000e+00 3.8434390089e+02 3.8434390086e+02
6.6700000000e+00 3.9140292196e+02 3.9140292193e+02
6.6800000000e+00 3.9859803816e+02 3.9859803813e+02
6.6900000000e+00 4.0593197561e+02 4.0593197558e+02
6.7000000000e+00 4.1340751680e+02 4.1340751677e+02
6.7100000000e+00 4.2102750179e+02 4.2102750176e+02
6.7200000000e+00 4.2879482948e+02 4.2879482945e+02
6.7300000000e+00 4.3671245880e+02 4.3671245877e+02
6.7400000000e+00 4.4478341005e+02 4.4478341001e+02
6.7500000000e+00 4.5301076613e+02 4.5301076610e+02
6.7600000000e+00 4.6139767397e+02 4.6139767394e+02
6.7700000000e+00 4.6994734582e+02 4.6994734579e+02
6.7800000000e+00 4.7866306067e+02 4.7866306063e+02
6.7900000000e+00 4.8754816567e+02 4.8754816564e+02
6.8000000000e+00 4.9660607761e+02 4.9660607757e+02
6.8100000000e+00 5.0584028437e+02 5.0584028434e+02
6.8200000000e+00 5.1525434648e+02 5.1525434644e+02
6.8300000000e+00 5.2485189862e+02 5.2485189859e+02
6.8400000000e+00 5.3463665129e+02 5.3463665125e+02
6.8500000000e+00 5.4461239233e+02 5.4461239230e+02
6.8600000000e+00 5.5478298868e+02 5.5478298864e+02
6.8700000000e+00 5.6515238799e+02 5.6515238795e+02
6.8800000000e+00 5.7572462041e+02 5.7572462037e+02
6.8900000000e+00 5.8650380033e+02 5.8650380029e+02
6.9000000000e+00 5.9749412819e+02 5.9749412816e+02
6.9100000000e+00 6.0869989237e+02 6.0869989233e+02
6.9200000000e+00 6.2012547100e+02 6.2012547096e+02
6.9300000000e+00 6.3177533396e+02 6.3177533392e+02
6.9400000000e+00 6.4365404483e+02 6.4365404479e+02
6.9500000000e+00 6.5576626290e+02 6.5576626286e+02
6.9600000000e+00 6.6811674523e+02 6.6811674519e+02
6.9700000000e+00 6.8071034878e+02 6.8071034874e+02
6.9800000000e+00 6.9355203253e+02 6.9355203249e+02
6.9900000000e+00 7.0664685972e+02 7.0664685967e+02
7.0000000000e+00 7.2000000004e+02 7.2000000000e+02
7.0100000000e+00 7.3361673205e+02 7.3361673196e+02
7.0200000000e+00 7.4750244528e+02 7.4750244519e+02
7.0300000000e+00 7.6166264295e+02 7.6166264286e+02
7.0400000000e+00 7.7610294421e+02 7.7610294412e+02
7.0500000000e+00 7.9082908672e+02 7.9082908662e+02
7.0600000000e+00 8.0584692920e+02 8.0584692910e+02
7.0700000000e+00 8.2116245405e+02 8.2116245396e+02
7.0800000000e+00 8.3678177005e+02 8.3678176996e+02
7.0900000000e+00 8.5271111508e+02 8.5271111498e+02
7.1000000000e+00 8.6895685890e+02 8.6895685880e+02
7.1100000000e+00 8.8552550606e+02 8.8552550596e+02
7.1200000000e+00 9.0242369879e+02 9.0242369869e+02
7.1300000000e+00 9.1965822000e+02 9.1965821990e+02
7.1400000000e+00 9.3723599633e+02 9.3723599623e+02
7.1500000000e+00 9.5516410129e+02 9.5516410118e+02
7.1600000000e+00 9.7344975843e+02 9.7344975832e+02
7.1700000000e+00 9.9210034464e+02 9.9210034453e+02
7.1800000000e+00 1.0111233934e+03 1.0111233933e+03
7.1900000000e+00 1.0305265984e+03 1.0305265983e+03
7.2000000000e+00 1.0503178168e+03 1.0503178167e+03
7.2100000000e+00 1.0705050727e+03 1.0705050726e+03
7.2200000000e+00 1.0910965614e+03 1.0910965613e+03
7.2300000000e+00 1.1121006522e+03 1.1121006521e+03
7.2400000000e+00 1.1335258931e+03 1.1335258930e+03
7.2500000000e+00 1.1553810140e+03 1.1553810139e+03
7.2600000000e+00 1.1776749313e+03 1.1776749311e+03
7.2700000000e+00 1.2004167512e+03 1.2004167511e+03
7.2800000000e+00 1.2236157748e+03 1.2236157746e+03
7.2900000000e+00 1.2472815014e+03 1.2472815013e+03
7.3000000000e+00 1.2714236338e+03 1.2714236337e+03
7.3100000000e+00 1.2960520818e+03 1.2960520817e+03
7.3200000000e+00 1.3211769675e+03 1.3211769674e+03
7.3300000000e+00 1.3468086295e+03 1.3468086294e+03
7.3400000000e+00 1.3729576280e+03 1.3729576278e+03
7.3500000000e+00 1.3996347491e+03 1.3996347490e+03
7.3600000000e+00 1.4268510106e+03 1.4268510105e+03
7.3700000000e+00 1.4546176663e+03 1.4546176662e+03
7.3800000000e+00 1.4829462116e+03 1.4829462115e+03
7.3900000000e+00 1.5118483887e+03 1.5118483886e+03
7.4000000000e+00 1.5413361920e+03 1.5413361919e+03
7.4100000000e+00 1.5714218739e+03 1.5714218737e+03
7.4200000000e+00 1.6021179500e+03 1.6021179498e+03
7.4300000000e+00 1.6334372053e+03 1.6334372052e+03
7.4400000000e+00 1.6653927001e+03 1.6653927000e+03
7.4500000000e+00 1.6979977759e+03 1.6979977758e+03
7.4600000000e+00 1.7312660617e+03 1.7312660615e+03
7.4700000000e+00 1.7652114803e+03 1.7652114801e+03
7.4800000000e+00 1.7998482548e+03 1.7998482547e+03
7.4900000000e+00 1.8351909154e+03 1.8351909153e+03
7.5000000000e+00 1.8712543060e+03 1.8712543058e+03
7.5100000000e+00 1.9080535909e+03 1.9080535908e+03
7.5200000000e+00 1.9456042626e+03 1.9456042625e+03
7.5300000000e+00 1.9839221484e+03 1.9839221482e+03
7.5400000000e+00 2.0230234179e+03 2.0230234178e+03
7.5500000000e+00 2.0629245911e+03 2.0629245910e+03
7.5600000000e+00 2.1036425455e+03 2.1036425454e+03
7.5700000000e+00 2.1451945244e+03 2.1451945243e+03
7.5800000000e+00 2.1875981450e+03 2.1875981448e+03
7.5900000000e+00 2.2308714065e+03 2.2308714063e+03
7.6000000000e+00 2.2750326988e+03 2.2750326986e+03
7.6100000000e+00 2.3201008111e+03 2.3201008109e+03
7.6200000000e+00 2.3660949408e+03 2.3660949406e+03
7.6300000000e+00 2.4130347024e+03 2.4130347022e+03
7.6400000000e+00 2.4609401371e+03 2.4609401369e+03
7.6500000000e+00 2.5098317220e+03 2.5098317218e+03
7.6600000000e+00 2.5597303799e+03 2.5597303797e+03
7.6700000000e+00 2.6106574895e+03 2.6106574893e+03
7.6800000000e+00 2.6626348949e+03 2.6626348947e+03
7.6900000000e+00 2.7156849168e+03 2.7156849166e+03
7.7000000000e+00 2.7698303625e+03 2.7698303623e+03
7.7100000000e+00 2.8250945370e+03 2.8250945368e+03
7.7200000000e+00 2.8815012541e+03 2.8815012539e+03
7.7300000000e+00 2.9390748477e+03 2.9390748475e+03
7.7400000000e+00 2.9978401837e+03 2.9978401835e+03
7.7500000000e+00 3.0578226714e+03 3.0578226712e+03
7.7600000000e+00 3.1190482761e+03 3.1190482759e+03
7.7700000000e+00 3.1815435312e+03 3.1815435310e+03
7.7800000000e+00 3.2453355513e+03 3.2453355511e+03
7.7900000000e+00 3.3104520449e+03 3.3104520447e+03
7.8000000000e+00 3.3769213277e+03 3.3769213275e+03
7.8100000000e+00 3.4447723366e+03 3.4447723363e+03
7.8200000000e+00 3.5140346430e+03 3.5140346427e+03
7.8300000000e+00 3.5847384676e+03 3.5847384674e+03
7.8400000000e+00 3.6569146948e+03 3.6569146946e+03
7.8500000000e+00 3.7305948875e+03 3.7305948872e+03
7.8600000000e+00 3.8058113023e+03 3.8058113021e+03
7.8700000000e+00 3.8825969055e+03 3.8825969052e+03
7.8800000000e+00 3.9609853884e+03 3.9609853881e+03
7.8900000000e+00 4.0410111842e+03 4.0410111840e+03
7.9000000000e+00 4.1227094845e+03 4.1227094843e+03
7.9100000000e+00 4.2061162563e+03 4.2061162560e+03
7.9200000000e+00 4.2912682593e+03 4.2912682590e+03
7.9300000000e+00 4.3782030643e+03 4.3782030641e+03
7.9400000000e+00 4.4669590711e+03 4.4669590708e+03
7.9500000000e+00 4.5575755271e+03 4.5575755268e+03
7.9600000000e+00 4.6500925468e+03 4.6500925465e+03
7.9700000000e+00 4.7445511310e+03 4.7445511307e+03
7.9800000000e+00 4.8409931871e+03 4.8409931868e+03
7.9900000000e+00 4.9394615494e+03 4.9394615491e+03
8.0000000000e+00 5.0400000003e+03 5.0400000000e+03
8.0100000000e+00 5.1426532917e+03 5.1426532911e+03
8.0200000000e+00 5.2474671659e+03 5.2474671653e+03
8.0300000000e+00 5.3544883799e+03 5.3544883793e+03
8.0400000000e+00 5.4637647272e+03 5.4637647266e+03
8.0500000000e+00 5.5753450614e+03 5.5753450607e+03
8.0600000000e+00 5.6892793201e+03 5.6892793195e+03
8.0700000000e+00 5.8056185501e+03 5.8056185495e+03
8.0800000000e+00 5.9244149320e+03 5.9244149313e+03
8.0900000000e+00 6.0457218059e+03 6.0457218052e+03
8.1000000000e+00 6.1695936982e+03 6.1695936975e+03
8.1100000000e+00 6.2960863481e+03 6.2960863474e+03
8.1200000000e+00 6.4252567354e+03 6.4252567347e+03
8.1300000000e+00 6.5571631086e+03 6.5571631079e+03
8.1400000000e+00 6.6918650138e+03 6.6918650130e+03
8.1500000000e+00 6.8294233242e+03 6.8294233235e+03
8.1600000000e+00 6.9699002704e+03 6.9699002696e+03
8.1700000000e+00 7.1133594710e+03 7.1133594703e+03
8.1800000000e+00 7.2598659649e+03 7.2598659641e+03
8.1900000000e+00 7.4094862427e+03 7.4094862419e+03
8.2000000000e+00 7.5622882808e+03 7.5622882800e+03
8.2100000000e+00 7.7183415745e+03 7.7183415737e+03
8.2200000000e+00 7.8777171732e+03 7.8777171723e+03
8.2300000000e+00 8.0404877155e+03 8.0404877147e+03
8.2400000000e+00 8.2067274660e+03 8.2067274652e+03
8.2500000000e+00 8.3765123518e+03 8.3765123509e+03
8.2600000000e+00 8.5499200009e+03 8.5499200001e+03
8.2700000000e+00 8.7270297813e+03 8.7270297804e+03
8.2800000000e+00 8.9079228403e+03 8.9079228394e+03
8.2900000000e+00 9.0926821455e+03 9.0926821446e+03
8.3000000000e+00 9.2813925266e+03 9.2813925257e+03
8.3100000000e+00 9.4741407180e+03 9.4741407171e+03
8.3200000000e+00 9.6710154021e+03 9.6710154011e+03
8.3300000000e+00 9.8721072544e+03 9.8721072535e+03
8.3400000000e+00 1.0077508989e+04 1.0077508988e+04
8.3500000000e+00 1.0287315406e+04 1.0287315405e+04
8.3600000000e+00 1.0501623438e+04 1.0501623437e+04
8.3700000000e+00 1.0720532201e+04 1.0720532200e+04
8.3800000000e+00 1.0944143042e+04 1.0944143041e+04
8.3900000000e+00 1.1172559592e+04 1.1172559591e+04
8.4000000000e+00 1.1405887821e+04 1.1405887820e+04
8.4100000000e+00 1.1644236085e+04 1.1644236084e+04
8.4200000000e+00 1.1887715189e+04 1.1887715188e+04
8.4300000000e+00 1.2136438435e+04 1.2136438434e+04
8.4400000000e+00 1.2390521689e+04 1.2390521688e+04
8.4500000000e+00 1.2650083431e+04 1.2650083429e+04
8.4600000000e+00 1.2915244820e+04 1.2915244819e+04
8.4700000000e+00 1.3186129758e+04 1.3186129756e+04
8.4800000000e+00 1.3462864946e+04 1.3462864945e+04
8.4900000000e+00 1.3745579957e+04 1.3745579955e+04
8.5000000000e+00 1.4034407295e+04 1.4034407293e+04
8.5100000000e+00 1.4329482468e+04 1.4329482467e+04
8.5200000000e+00 1.4630944055e+04 1.4630944054e+04
8.5300000000e+00 1.4938933777e+04 1.4938933776e+04
8.5400000000e+00 1.5253596571e+04 1.5253596570e+04
8.5500000000e+00 1.5575080663e+04 1.5575080662e+04
8.5600000000e+00 1.5903537644e+04 1.5903537643e+04
8.5700000000e+00 1.6239122550e+04 1.6239122549e+04
8.5800000000e+00 1.6581993939e+04 1.6581993938e+04
8.5900000000e+00 1.6932313975e+04 1.6932313974e+04
8.6000000000e+00 1.7290248511e+04 1.7290248510e+04
8.6100000000e+00 1.7655967173e+04 1.7655967171e+04
8.6200000000e+00 1.8029643449e+04 1.8029643447e+04
8.6300000000e+00 1.8411454779e+04 1.8411454778e+04
8.6400000000e+00 1.8801582647e+04 1.8801582646e+04
8.6500000000e+00 1.9200212673e+04 1.9200212672e+04
8.6600000000e+00 1.9607534710e+04 1.9607534709e+04
8.6700000000e+00 2.0023742944e+04 2.0023742943e+04
8.6800000000e+00 2.0449035993e+04 2.0449035992e+04
8.6900000000e+00 2.0883617011e+04 2.0883617009e+04
8.7000000000e+00 2.1327693791e+04 2.1327693790e+04
8.7100000000e+00 2.1781478880e+04 2.1781478879e+04
8.7200000000e+00 2.2245189682e+04 2.2245189680e+04
8.7300000000e+00 2.2719048573e+04 2.2719048571e+04
8.7400000000e+00 2.3203283022e+04 2.3203283020e+04
8.7500000000e+00 2.3698125703e+04 2.3698125702e+04
8.7600000000e+00 2.4203814622e+04 2.4203814621e+04
8.7700000000e+00 2.4720593237e+04 2.4720593236e+04
8.7800000000e+00 2.5248710589e+04 2.5248710588e+04
8.7900000000e+00 2.5788421430e+04 2.5788421428e+04
8.8000000000e+00 2.6339986356e+04 2.6339986355e+04
8.8100000000e+00 2.6903671949e+04 2.6903671947e+04
8.8200000000e+00 2.7479750908e+04 2.7479750906e+04
8.8300000000e+00 2.8068502201e+04 2.8068502199e+04
8.8400000000e+00 2.8670211207e+04 2.8670211205e+04
8.8500000000e+00 2.9285169867e+04 2.9285169865e+04
8.8600000000e+00 2.9913676836e+04 2.9913676834e+04
8.8700000000e+00 3.0556037646e+04 3.0556037644e+04
8.8800000000e+00 3.1212564861e+04 3.1212564859e+04
8.8900000000e+00 3.1883578244e+04 3.1883578242e+04
8.9000000000e+00 3.2569404928e+04 3.2569404926e+04
8.9100000000e+00 3.3270379587e+04 3.3270379585e+04
8.9200000000e+00 3.3986844614e+04 3.3986844612e+04
8.9300000000e+00 3.4719150300e+04 3.4719150298e+04
8.9400000000e+00 3.5467655025e+04 3.5467655022e+04
8.9500000000e+00 3.6232725441e+04 3.6232725438e+04
8.9600000000e+00 3.7014736672e+04 3.7014736670e+04
8.9700000000e+00 3.7814072514e+04 3.7814072512e+04
8.9800000000e+00 3.8631125633e+04 3.8631125631e+04
8.9900000000e+00 3.9466297780e+04 3.9466297777e+04
9.0000000000e+00 4.0320000002e+04 4.0320000000e+04
9.0100000000e+00 4.1192652866e+04 4.1192652861e+04
9.0200000000e+00 4.2084686670e+04 4.2084686665e+04
9.0300000000e+00 4.2996541691e+04 4.2996541686e+04
9.0400000000e+00 4.3928668407e+04 4.3928668402e+04
9.0500000000e+00 4.4881527744e+04 4.4881527739e+04
9.0600000000e+00 4.5855591320e+04 4.5855591315e+04
9.0700000000e+00 4.6851341700e+04 4.6851341694e+04
9.0800000000e+00 4.7869272650e+04 4.7869272645e+04
9.0900000000e+00 4.8909889410e+04 4.8909889404e+04
9.1000000000e+00 4.9973708955e+04 4.9973708950e+04
9.1100000000e+00 5.1061260283e+04 5.1061260277e+04
9.1200000000e+00 5.2173084691e+04 5.2173084685e+04
9.1300000000e+00 5.3309736073e+04 5.3309736067e+04
9.1400000000e+00 5.4471781212e+04 5.4471781206e+04
9.1500000000e+00 5.5659800092e+04 5.5659800086e+04
9.1600000000e+00 5.6874386206e+04 5.6874386200e+04
9.1700000000e+00 5.8116146878e+04 5.8116146872e+04
9.1800000000e+00 5.9385703593e+04 5.9385703586e+04
9.1900000000e+00 6.0683692328e+04 6.0683692321e+04
9.2000000000e+00 6.2010763902e+04 6.2010763896e+04
9.2100000000e+00 6.3367584326e+04 6.3367584320e+04
9.2200000000e+00 6.4754835163e+04 6.4754835157e+04
9.2300000000e+00 6.6173213899e+04 6.6173213892e+04
9.2400000000e+00 6.7623434320e+04 6.7623434313e+04
9.2500000000e+00 6.9106226902e+04 6.9106226895e+04
9.2600000000e+00 7.0622339208e+04 7.0622339201e+04
9.2700000000e+00 7.2172536291e+04 7.2172536284e+04
9.2800000000e+00 7.3757601117e+04 7.3757601110e+04
9.2900000000e+00 7.5378334986e+04 7.5378334979e+04
9.3000000000e+00 7.7035557971e+04 7.7035557964e+04
9.3100000000e+00 7.8730109366e+04 7.8730109359e+04
9.3200000000e+00 8.0462848145e+04 8.0462848137e+04
9.3300000000e+00 8.2234653429e+04 8.2234653421e+04
9.3400000000e+00 8.4046424970e+04 8.4046424962e+04
9.3500000000e+00 8.5899083642e+04 8.5899083634e+04
9.3600000000e+00 8.7793571944e+04 8.7793571936e+04
9.3700000000e+00 8.9730854521e+04 8.9730854513e+04
9.3800000000e+00 9.1711918690e+04 9.1711918681e+04
9.3900000000e+00 9.3737774981e+04 9.3737774972e+04
9.4000000000e+00 9.5809457697e+04 9.5809457688e+04
9.4100000000e+00 9.7928025478e+04 9.7928025470e+04
9.4200000000e+00 1.0009456189e+05 1.0009456188e+05
9.4300000000e+00 1.0231017601e+05 1.0231017600e+05
9.4400000000e+00 1.0457600305e+05 1.0457600304e+05
9.4500000000e+00 1.0689320499e+05 1.0689320498e+05
9.4600000000e+00 1.0926297118e+05 1.0926297117e+05
9.4700000000e+00 1.1168651905e+05 1.1168651904e+05
9.4800000000e+00 1.1416509474e+05 1.1416509473e+05
9.4900000000e+00 1.1669997383e+05 1.1669997382e+05
9.5000000000e+00 1.1929246200e+05 1.1929246199e+05
9.5100000000e+00 1.2194389580e+05 1.2194389579e+05
9.5200000000e+00 1.2465564335e+05 1.2465564334e+05
9.5300000000e+00 1.2742910512e+05 1.2742910511e+05
9.5400000000e+00 1.3026571472e+05 1.3026571471e+05
9.5500000000e+00 1.3316693967e+05 1.3316693966e+05
9.5600000000e+00 1.3613428224e+05 1.3613428222e+05
9.5700000000e+00 1.3916928025e+05 1.3916928024e+05
9.5800000000e+00 1.4227350800e+05 1.4227350799e+05
9.5900000000e+00 1.4544857705e+05 1.4544857704e+05
9.6000000000e+00 1.4869613719e+05 1.4869613718e+05
9.6100000000e+00 1.5201787736e+05 1.5201787734e+05
9.6200000000e+00 1.5541552653e+05 1.5541552652e+05
9.6300000000e+00 1.5889085474e+05 1.5889085473e+05
9.6400000000e+00 1.6244567407e+05 1.6244567406e+05
9.6500000000e+00 1.6608183962e+05 1.6608183961e+05
9.6600000000e+00 1.6980125059e+05 1.6980125058e+05
9.6700000000e+00 1.7360585133e+05 1.7360585131e+05
9.6800000000e+00 1.7749763242e+05 1.7749763241e+05
9.6900000000e+00 1.8147863182e+05 1.8147863181e+05
9.7000000000e+00 1.8555093599e+05 1.8555093597e+05
9.7100000000e+00 1.8971668105e+05 1.8971668103e+05
9.7200000000e+00 1.9397805402e+05 1.9397805401e+05
9.7300000000e+00 1.9833729404e+05 1.9833729403e+05
9.7400000000e+00 2.0279669361e+05 2.0279669360e+05
9.7500000000e+00 2.0735859990e+05 2.0735859989e+05
9.7600000000e+00 2.1202541609e+05 2.1202541608e+05
9.7700000000e+00 2.1679960269e+05 2.1679960268e+05
9.7800000000e+00 2.2168367897e+05 2.2168367896e+05
9.7900000000e+00 2.2668022437e+05 2.2668022435e+05
9.8000000000e+00 2.3179187994e+05 2.3179187992e+05
9.8100000000e+00 2.3702134987e+05 2.3702134985e+05
9.8200000000e+00 2.4237140301e+05 2.4237140299e+05
9.8300000000e+00 2.4784487444e+05 2.4784487442e+05
9.8400000000e+00 2.5344466707e+05 2.5344466706e+05
9.8500000000e+00 2.5917375332e+05 2.5917375330e+05
9.8600000000e+00 2.6503517677e+05 2.6503517675e+05
9.8700000000e+00 2.7103205392e+05 2.7103205390e+05
9.8800000000e+00 2.7716757596e+05 2.7716757594e+05
9.8900000000e+00 2.8344501059e+05 2.8344501057e+05
9.9000000000e+00 2.8986770386e+05 2.8986770384e+05
9.9100000000e+00 2.9643908212e+05 2.9643908210e+05
9.9200000000e+00 3.0316265395e+05 3.0316265394e+05
9.9300000000e+00 3.1004201218e+05 3.1004201216e+05
9.9400000000e+00 3.1708083592e+05 3.1708083590e+05
9.9500000000e+00 3.2428289269e+05 3.2428289267e+05
9.9600000000e+00 3.3165204058e+05 3.3165204056e+05
9.9700000000e+00 3.3919223045e+05 3.3919223043e+05
9.9800000000e+00 3.4690750818e+05 3.4690750816e+05
9.9900000000e+00 3.5480201704e+05 3.5480201702e+05
1.0000000000e+01 3.6288000002e+05 3.6288000000e+05
