0.1 9.51351
0.11 8.61269
0.12 7.86325
0.13 7.23024
0.14 6.68869
0.15 6.22027
0.16 5.81127
0.17 5.45117
0.18 5.13182
0.19 4.84676
0.2 4.59084
0.21 4.35989
0.22 4.15048
0.23 3.9598
0.24 3.7855
0.25 3.62561
0.26 3.47845
0.27 3.3426
0.28 3.21685
0.29 3.10014
0.3 2.99157
0.31 2.89034
0.32 2.79575
0.33 2.70721
0.34 2.62416
0.35 2.54615
0.36 2.47273
0.37 2.40355
0.38 2.33826
0.39 2.27655
0.4 2.21816
0.41 2.16284
0.42 2.11037
0.43 2.06055
0.44 2.01319
0.45 1.96814
0.46 1.92523
0.47 1.88433
0.48 1.84531
0.49 1.80805
0.5 1.77245
0.51 1.73842
0.52 1.70584
0.53 1.67466
0.54 1.64477
0.55 1.61612
0.56 1.58864
0.57 1.56226
0.58 1.53693
0.59 1.51259
0.6 1.48919
0.61 1.46669
0.62 1.44504
0.63 1.4242
0.64 1.40413
0.65 1.3848
0.66 1.36616
0.67 1.3482
0.68 1.33088
0.69 1.31418
0.7 1.29806
0.71 1.2825
0.72 1.26747
0.73 1.25297
0.74 1.23895
0.75 1.22542
0.76 1.21234
0.77 1.19969
0.78 1.18747
0.79 1.17566
0.8 1.16423
0.81 1.15318
0.82 1.14249
0.83 1.13216
0.84 1.12216
0.85 1.11248
0.86 1.10312
0.87 1.09407
0.88 1.08531
0.89 1.07683
0.9 1.06863
0.91 1.06069
0.92 1.05302
0.93 1.04559
0.94 1.0384
0.95 1.03145
0.96 1.02473
0.97 1.01823
0.98 1.01195
0.99 1.00587
1 1
1.01 0.994326
1.02 0.988844
1.03 0.98355
1.04 0.978438
1.05 0.973504
1.06 0.968744
1.07 0.964152
1.08 0.959725
1.09 0.955459
1.1 0.951351
1.11 0.947396
1.12 0.94359
1.13 0.939931
1.14 0.936416
1.15 0.933041
1.16 0.929803
1.17 0.9267
1.18 0.923728
1.19 0.920885
1.2 0.918169
1.21 0.915576
1.22 0.913106
1.23 0.910755
1.24 0.908521
1.25 0.906402
1.26 0.904397
1.27 0.902503
1.28 0.900718
1.29 0.899042
1.3 0.897471
1.31 0.896004
1.32 0.89464
1.33 0.893378
1.34 0.892216
1.35 0.891151
1.36 0.890185
1.37 0.889314
1.38 0.888537
1.39 0.887854
1.4 0.887264
1.41 0.886765
1.42 0.886356
1.43 0.886036
1.44 0.885805
1.45 0.885661
1.46 0.885604
1.47 0.885633
1.48 0.885747
1.49 0.885945
1.5 0.886227
1.51 0.886592
1.52 0.887039
1.53 0.887568
1.54 0.888178
1.55 0.888868
1.56 0.889639
1.57 0.89049
1.58 0.89142
1.59 0.892428
1.6 0.893515
1.61 0.894681
1.62 0.895924
1.63 0.897244
1.64 0.898642
1.65 0.900117
1.66 0.901668
1.67 0.903296
1.68 0.905001
1.69 0.906782
1.7 0.908639
1.71 0.910572
1.72 0.912581
1.73 0.914665
1.74 0.916826
1.75 0.919063
1.76 0.921375
1.77 0.923763
1.78 0.926227
1.79 0.928767
1.8 0.931384
1.81 0.934076
1.82 0.936845
1.83 0.93969
1.84 0.942612
1.85 0.945611
1.86 0.948687
1.87 0.95184
1.88 0.955071
1.89 0.958379
1.9 0.961766
1.91 0.965231
1.92 0.968774
1.93 0.972397
1.94 0.976099
1.95 0.979881
1.96 0.983743
1.97 0.987685
1.98 0.991708
1.99 0.995813
2 1
2.01 1.00427
2.02 1.00862
2.03 1.01306
2.04 1.01758
2.05 1.02218
2.06 1.02687
2.07 1.03164
2.08 1.0365
2.09 1.04145
2.1 1.04649
2.11 1.05161
2.12 1.05682
2.13 1.06212
2.14 1.06751
2.15 1.073
2.16 1.07857
2.17 1.08424
2.18 1.09
2.19 1.09585
2.2 1.1018
2.21 1.10785
2.22 1.11399
2.23 1.12023
2.24 1.12657
2.25 1.133
2.26 1.13954
2.27 1.14618
2.28 1.15292
2.29 1.15976
2.3 1.16671
2.31 1.17377
2.32 1.18093
2.33 1.18819
2.34 1.19557
2.35 1.20305
2.36 1.21065
2.37 1.21836
2.38 1.22618
2.39 1.23412
2.4 1.24217
2.41 1.25034
2.42 1.25863
2.43 1.26703
2.44 1.27556
2.45 1.28421
2.46 1.29298
2.47 1.30188
2.48 1.31091
2.49 1.32006
2.5 1.32934
2.51 1.33875
2.52 1.3483
2.53 1.35798
2.54 1.36779
2.55 1.37775
2.56 1.38784
2.57 1.39807
2.58 1.40844
2.59 1.41896
2.6 1.42962
2.61 1.44044
2.62 1.4514
2.63 1.46251
2.64 1.47377
2.65 1.48519
2.66 1.49677
2.67 1.50851
2.68 1.5204
2.69 1.53246
2.7 1.54469
2.71 1.55708
2.72 1.56964
2.73 1.58237
2.74 1.59528
2.75 1.60836
2.76 1.62162
2.77 1.63506
2.78 1.64868
2.79 1.66249
2.8 1.67649
2.81 1.69068
2.82 1.70506
2.83 1.71963
2.84 1.73441
2.85 1.74938
2.86 1.76456
2.87 1.77994
2.88 1.79553
2.89 1.81134
2.9 1.82736
2.91 1.84359
2.92 1.86005
2.93 1.87673
2.94 1.89363
2.95 1.91077
2.96 1.92814
2.97 1.94574
2.98 1.96358
2.99 1.98167
3 2
3.01 2.01858
3.02 2.03741
3.03 2.0565
3.04 2.07585
3.05 2.09547
3.06 2.11535
3.07 2.1355
3.08 2.15593
3.09 2.17663
3.1 2.19762
3.11 2.2189
3.12 2.24046
3.13 2.26232
3.14 2.28448
3.15 2.30694
3.16 2.32971
3.17 2.3528
3.18 2.3762
3.19 2.39992
3.2 2.42397
3.21 2.44834
3.22 2.47306
3.23 2.49811
3.24 2.52351
3.25 2.54926
3.26 2.57536
3.27 2.60183
3.28 2.62866
3.29 2.65586
3.3 2.68344
3.31 2.7114
3.32 2.73975
3.33 2.76849
3.34 2.79763
3.35 2.82718
3.36 2.85714
3.37 2.88751
3.38 2.91831
3.39 2.94954
3.4 2.98121
3.41 3.01331
3.42 3.04587
3.43 3.07889
3.44 3.11236
3.45 3.14631
3.46 3.18074
3.47 3.21565
3.48 3.25105
3.49 3.28695
3.5 3.32335
3.51 3.36027
3.52 3.39771
3.53 3.43569
3.54 3.4742
3.55 3.51325
3.56 3.55286
3.57 3.59304
3.58 3.63378
3.59 3.67511
3.6 3.71702
3.61 3.75954
3.62 3.80266
3.63 3.8464
3.64 3.89076
3.65 3.93576
3.66 3.98141
3.67 4.02771
3.68 4.07468
3.69 4.12232
3.7 4.17065
3.71 4.21968
3.72 4.26942
3.73 4.31987
3.74 4.37106
3.75 4.42299
3.76 4.47567
3.77 4.52912
3.78 4.58334
3.79 4.63836
3.8 4.69417
3.81 4.75081
3.82 4.80826
3.83 4.86656
3.84 4.92572
3.85 4.98573
3.86 5.04664
3.87 5.10843
3.88 5.17114
3.89 5.23476
3.9 5.29933
3.91 5.36485
3.92 5.43134
3.93 5.49881
3.94 5.56728
3.95 5.63676
3.96 5.70728
3.97 5.77885
3.98 5.85148
3.99 5.92519
4 6
4.01 6.07593
4.02 6.15299
4.03 6.23121
4.04 6.3106
4.05 6.39118
4.06 6.47297
4.07 6.55599
4.08 6.64025
4.09 6.72579
4.1 6.81262
4.11 6.90076
4.12 6.99024
4.13 7.08106
4.14 7.17327
4.15 7.26687
4.16 7.3619
4.17 7.45837
4.18 7.55631
4.19 7.65574
4.2 7.75669
4.21 7.85918
4.22 7.96324
4.23 8.06889
4.24 8.17617
4.25 8.28509
4.26 8.39568
4.27 8.50797
4.28 8.62199
4.29 8.73778
4.3 8.85534
4.31 8.97473
4.32 9.09596
4.33 9.21907
4.34 9.34409
4.35 9.47105
4.36 9.59998
4.37 9.73092
4.38 9.86389
4.39 9.99894
4.4 10.1361
4.41 10.2754
4.42 10.4169
4.43 10.5606
4.44 10.7065
4.45 10.8548
4.46 11.0053
4.47 11.1583
4.48 11.3136
4.49 11.4714
4.5 11.6317
4.51 11.7946
4.52 11.96
4.53 12.128
4.54 12.2987
4.55 12.472
4.56 12.6482
4.57 12.8271
4.58 13.0089
4.59 13.1936
4.6 13.3813
4.61 13.5719
4.62 13.7656
4.63 13.9624
4.64 14.1624
4.65 14.3655
4.66 14.5719
4.67 14.7817
4.68 14.9948
4.69 15.2114
4.7 15.4314
4.71 15.655
4.72 15.8822
4.73 16.1131
4.74 16.3478
4.75 16.5862
4.76 16.8285
4.77 17.0748
4.78 17.325
4.79 17.5794
4.8 17.8379
4.81 18.1006
4.82 18.3676
4.83 18.6389
4.84 18.9147
4.85 19.1951
4.86 19.48
4.87 19.7696
4.88 20.064
4.89 20.3632
4.9 20.6674
4.91 20.9766
4.92 21.2908
4.93 21.6103
4.94 21.9351
4.95 22.2652
4.96 22.6008
4.97 22.942
4.98 23.2889
4.99 23.6415
5 24
5.01 24.3645
5.02 24.735
5.03 25.1118
5.04 25.4948
5.05 25.8843
5.06 26.2802
5.07 26.6829
5.08 27.0922
5.09 27.5085
5.1 27.9318
5.11 28.3621
5.12 28.7998
5.13 29.2448
5.14 29.6973
5.15 30.1575
5.16 30.6255
5.17 31.1014
5.18 31.5854
5.19 32.0776
5.2 32.5781
5.21 33.0872
5.22 33.6049
5.23 34.1314
5.24 34.6669
5.25 35.2116
5.26 35.7656
5.27 36.329
5.28 36.9021
5.29 37.4851
5.3 38.078
5.31 38.6811
5.32 39.2945
5.33 39.9186
5.34 40.5533
5.35 41.1991
5.36 41.8559
5.37 42.5241
5.38 43.2038
5.39 43.8954
5.4 44.5988
5.41 45.3145
5.42 46.0426
5.43 46.7834
5.44 47.537
5.45 48.3038
5.46 49.0839
5.47 49.8776
5.48 50.6851
5.49 51.5068
5.5 52.3428
5.51 53.1934
5.52 54.059
5.53 54.9397
5.54 55.8359
5.55 56.7478
5.56 57.6758
5.57 58.62
5.58 59.581
5.59 60.5588
5.6 61.5539
5.61 62.5666
5.62 63.5972
5.63 64.646
5.64 65.7134
5.65 66.7997
5.66 67.9053
5.67 69.0305
5.68 70.1757
5.69 71.3413
5.7 72.5276
5.71 73.7351
5.72 74.9641
5.73 76.2151
5.74 77.4884
5.75 78.7845
5.76 80.1038
5.77 81.4467
5.78 82.8137
5.79 84.2052
5.8 85.6217
5.81 87.0637
5.82 88.5317
5.83 90.0261
5.84 91.5474
5.85 93.0961
5.86 94.6729
5.87 96.2781
5.88 97.9124
5.89 99.5762
5.9 101.27
5.91 102.995
5.92 104.751
5.93 106.539
5.94 108.359
5.95 110.213
5.96 112.1
5.97 114.022
5.98 115.979
5.99 117.971
6 120
6.01 122.066
6.02 124.17
6.03 126.312
6.04 128.494
6.05 130.716
6.06 132.978
6.07 135.282
6.08 137.629
6.09 140.018
6.1 142.452
6.11 144.931
6.12 147.455
6.13 150.026
6.14 152.644
6.15 155.311
6.16 158.028
6.17 160.794
6.18 163.612
6.19 166.482
6.2 169.406
6.21 172.384
6.22 175.417
6.23 178.507
6.24 181.655
6.25 184.861
6.26 188.127
6.27 191.454
6.28 194.843
6.29 198.296
6.3 201.813
6.31 205.397
6.32 209.047
6.33 212.766
6.34 216.555
6.35 220.415
6.36 224.348
6.37 228.354
6.38 232.437
6.39 236.596
6.4 240.834
6.41 245.152
6.42 249.551
6.43 254.034
6.44 258.601
6.45 263.255
6.46 267.998
6.47 272.83
6.48 277.754
6.49 282.772
6.5 287.885
6.51 293.096
6.52 298.406
6.53 303.817
6.54 309.331
6.55 314.95
6.56 320.677
6.57 326.514
6.58 332.462
6.59 338.524
6.6 344.702
6.61 350.999
6.62 357.416
6.63 363.957
6.64 370.624
6.65 377.418
6.66 384.344
6.67 391.403
6.68 398.598
6.69 405.932
6.7 413.408
6.71 421.028
6.72 428.795
6.73 436.712
6.74 444.783
6.75 453.011
6.76 461.398
6.77 469.947
6.78 478.663
6.79 487.548
6.8 496.606
6.81 505.84
6.82 515.254
6.83 524.852
6.84 534.637
6.85 544.612
6.86 554.783
6.87 565.152
6.88 575.725
6.89 586.504
6.9 597.494
6.91 608.7
6.92 620.125
6.93 631.775
6.94 643.654
6.95 655.766
6.96 668.117
6.97 680.71
6.98 693.552
6.99 706.647
7 720
7.01 733.617
7.02 747.502
7.03 761.663
7.04 776.103
7.05 790.829
7.06 805.847
7.07 821.162
7.08 836.782
7.09 852.711
7.1 868.957
7.11 885.526
7.12 902.424
7.13 919.658
7.14 937.236
7.15 955.164
7.16 973.45
7.17 992.1
7.18 1011.12
7.19 1030.53
7.2 1050.32
7.21 1070.51
7.22 1091.1
7.23 1112.1
7.24 1133.53
7.25 1155.38
7.26 1177.67
7.27 1200.42
7.28 1223.62
7.29 1247.28
7.3 1271.42
7.31 1296.05
7.32 1321.18
7.33 1346.81
7.34 1372.96
7.35 1399.63
7.36 1426.85
7.37 1454.62
7.38 1482.95
7.39 1511.85
7.4 1541.34
7.41 1571.42
7.42 1602.12
7.43 1633.44
7.44 1665.39
7.45 1698
7.46 1731.27
7.47 1765.21
7.48 1799.85
7.49 1835.19
7.5 1871.25
7.51 1908.05
7.52 1945.6
7.53 1983.92
7.54 2023.02
7.55 2062.92
7.56 2103.64
7.57 2145.19
7.58 2187.6
7.59 2230.87
7.6 2275.03
7.61 2320.1
7.62 2366.09
7.63 2413.03
7.64 2460.94
7.65 2509.83
7.66 2559.73
7.67 2610.66
7.68 2662.63
7.69 2715.68
7.7 2769.83
7.71 2825.09
7.72 2881.5
7.73 2939.07
7.74 2997.84
7.75 3057.82
7.76 3119.05
7.77 3181.54
7.78 3245.34
7.79 3310.45
7.8 3376.92
7.81 3444.77
7.82 3514.03
7.83 3584.74
7.84 3656.91
7.85 3730.59
7.86 3805.81
7.87 3882.6
7.88 3960.99
7.89 4041.01
7.9 4122.71
7.91 4206.12
7.92 4291.27
7.93 4378.2
7.94 4466.96
7.95 4557.58
7.96 4650.09
7.97 4744.55
7.98 4840.99
7.99 4939.46
8 5040
8.01 5142.65
8.02 5247.47
8.03 5354.49
8.04 5463.76
8.05 5575.35
8.06 5689.28
8.07 5805.62
8.08 5924.41
8.09 6045.72
8.1 6169.59
8.11 6296.09
8.12 6425.26
8.13 6557.16
8.14 6691.87
8.15 6829.42
8.16 6969.9
8.17 7113.36
8.18 7259.87
8.19 7409.49
8.2 7562.29
8.21 7718.34
8.22 7877.72
8.23 8040.49
8.24 8206.73
8.25 8376.51
8.26 8549.92
8.27 8727.03
8.28 8907.92
8.29 9092.68
8.3 9281.39
8.31 9474.14
8.32 9671.02
8.33 9872.11
8.34 10077.5
8.35 10287.3
8.36 10501.6
8.37 10720.5
8.38 10944.1
8.39 11172.6
8.4 11405.9
8.41 11644.2
8.42 11887.7
8.43 12136.4
8.44 12390.5
8.45 12650.1
8.46 12915.2
8.47 13186.1
8.48 13462.9
8.49 13745.6
8.5 14034.4
8.51 14329.5
8.52 14630.9
8.53 14938.9
8.54 15253.6
8.55 15575.1
8.56 15903.5
8.57 16239.1
8.58 16582
8.59 16932.3
8.6 17290.2
8.61 17656
8.62 18029.6
8.63 18411.5
8.64 18801.6
8.65 19200.2
8.66 19607.5
8.67 20023.7
8.68 20449
8.69 20883.6
8.7 21327.7
8.71 21781.5
8.72 22245.2
8.73 22719
8.74 23203.3
8.75 23698.1
8.76 24203.8
8.77 24720.6
8.78 25248.7
8.79 25788.4
8.8 26340
8.81 26903.7
8.82 27479.8
8.83 28068.5
8.84 28670.2
8.85 29285.2
8.86 29913.7
8.87 30556
8.88 31212.6
8.89 31883.6
8.9 32569.4
8.91 33270.4
8.92 33986.8
8.93 34719.2
8.94 35467.7
8.95 36232.7
8.96 37014.7
8.97 37814.1
8.98 38631.1
8.99 39466.3
9 40320
9.01 41192.7
9.02 42084.7
9.03 42996.5
9.04 43928.7
9.05 44881.5
9.06 45855.6
9.07 46851.3
9.08 47869.3
9.09 48909.9
9.1 49973.7
9.11 51061.3
9.12 52173.1
9.13 53309.7
9.14 54471.8
9.15 55659.8
9.16 56874.4
9.17 58116.1
9.18 59385.7
9.19 60683.7
9.2 62010.8
9.21 63367.6
9.22 64754.8
9.23 66173.2
9.24 67623.4
9.25 69106.2
9.26 70622.3
9.27 72172.5
9.28 73757.6
9.29 75378.3
9.3 77035.6
9.31 78730.1
9.32 80462.8
9.33 82234.7
9.34 84046.4
9.35 85899.1
9.36 87793.6
9.37 89730.9
9.38 91711.9
9.39 93737.8
9.4 95809.5
9.41 97928
9.42 100095
9.43 102310
9.44 104576
9.45 106893
9.46 109263
9.47 111687
9.48 114165
9.49 116700
9.5 119292
9.51 121944
9.52 124656
9.53 127429
9.54 130266
9.55 133167
9.56 136134
9.57 139169
9.58 142274
9.59 145449
9.6 148696
9.61 152018
9.62 155416
9.63 158891
9.64 162446
9.65 166082
9.66 169801
9.67 173606
9.68 177498
9.69 181479
9.7 185551
9.71 189717
9.72 193978
9.73 198337
9.74 202797
9.75 207359
9.76 212025
9.77 216800
9.78 221684
9.79 226680
9.8 231792
9.81 237021
9.82 242371
9.83 247845
9.84 253445
9.85 259174
9.86 265035
9.87 271032
9.88 277168
9.89 283445
9.9 289868
9.91 296439
9.92 303163
9.93 310042
9.94 317081
9.95 324283
9.96 331652
9.97 339192
9.98 346908
9.99 354802
10 362880
